00111151
00117059
00200907
00201201
00201204
00202906
00204617
00204707
00204804
00204905
00210201
00210406
00210407
00211001
00211408
00212500
00212604
00213500
00213504
00220205
00221106
00230601
00230715
00230931
00240103
00240108
00240111
00250501
01113346
01113355
02401081
4722F344
4724966C
47251282
47270400
472B8388
472ED434
472EE1AE
47E0A2A8
47E1A052
47E214D2
47E2E456
47E9177A
47E9F488
4994910001
00210301
00212900
00213403
00220105
00220107
00230712
00231101
00250101
00270503
472191AC
4724A3F6
472A6280
