1001620
1001622
1001670
1001690
1002605
1002610
1002615
1002625
1002640
1002675
1002685
1002698
1005640
1005695
1006650
1006660
1006672
1006680
1006690
1007605
1007615
1007635
1007645
1007650
1007655
1007680
1007685
1013645
1014630
1014640
1014650
1014680
1015644
1015645
1016607
1016650
1018610
1018620
1018625
1018630
1018635
1018650
1018655
1018662
1018665
1018670
1018675
1018683
1018690
1018693
1018697
1019630
1021680
1022650
1022680
1023660
1101620
1101635
1101650
1101665
1101670
1302648
1302668
1303680
2001655
2002685
2002695
2003640
2003690
2004640
2004650
2004668
2005640
2005650
2005660
2005680
2006625
2006630
2006665
2007640
2007660
2008632
2008635
2008645
2008650
2008690
2009620
2009670
2010635
2010650
2011640
2011650
2011660
2012625
2012640
2012645
2012650
2012652
2012653
2012665
2012670
2012695
2012696
2013615
2013650
2013685
2014620
2014640
2014660
2016650
2016680
2017620
2017685
2018635
2018645
2019610
2019655
2019695
2020603
2020615
2020650
2020651
2020675
2021665
2021675
2021685
2021690
2022610
2022640
2022655
2022660
2022670
2022680
2101625
2101650
2101668
2101675
2101680
2101690
2201630
2201653
2201660
2201670
2201690
2301630
2301650
3001610
3002650
3003620
3003660
3003680
3004640
3004645
3004685
3004690
3005670
3005675
3005690
3007620
3007640
3007645
3007650
3007660
3009620
3009630
3009640
3009650
3009655
3009665
3009670
3009673
3009675
3009693
3009698
3010620
3010660
3011615
3011623
3011624
3011625
3011630
3011635
3011643
3011645
3011650
3011660
3011665
3011675
3011685
3011687
3011695
3012605
3012609
3012612
3012620
3012635
3012650
3012655
3012665
3012675
3012680
3012690
3013670
3014610
3014680
3101625
3101630
3101635
3101640
3101645
3101650
3101655
3101660
3101670
3101675
3101690
3301625
3301630
3301635
3301640
3301645
3301652
3301655
3301665
3301670
3301685
3302620
3302630
3302655
4002640
4002690
4003690
4004615
4004630
4004640
4004650
4004660
4004690
4005660
4005670
4005690
4006660
4006680
4008670
4009610
4009625
4009630
4009640
4009665
4104665
4104680
5001615
5001620
5001625
5001640
5001650
5001660
5001670
5001673
5001680
5002650
5002660
5002690
5003605
5003610
5003615
5003620
5003650
5003680
5004620
5004650
5004670
5004690
5005650
5005680
5006610
5006620
5006630
5101650
5101670
5101675
5101690
