149180020
149180040
149180100
149180120
149180130
149180140
149180220
149180230
149180240
149180250
149190030
149190050
149190060
149190180
149190200
149190210
149190220
149190240
149190270
149190280
149190300
149190310
149190390
149200010
149200020
149200040
149200060
149200120
149200130
149200150
149200160
149200170
149200180
149200200
149200240
149200260
149200270
149200300
149200310
149210020
149210030
149210050
149210070
149210110
149210130
149220020
149220040
149220050
149220060
149220070
149220100
149220150
149220170
149220190
149220200
149220210
150140010
150150020
150150040
150150050
150150120
150160090
150160100
150160110
150160120
150160130
150160180
150160190
150160230
150170030
150170060
150170070
150170110
150170180
150170220
150180040
150180060
150180100
150180110
150180120
150180190
150180220
150180230
150190010
150190050
150190060
150190080
150190120
150190140
150190180
150190210
150190240
150190270
150190310
150190330
150200010
150200030
150200040
150200070
150200080
150200110
150200120
150200130
150200140
150200160
150200170
150210010
150210020
150210080
150210140
150210160
150210170
150210180
150210190
150210210
150220010
150220020
150220040
150220050
150220060
150220080
150220100
150220110
150220140
150220160
150220170
150230030
150230040
150240010
151140010
151140050
151150010
151150070
151150080
151150130
151150160
151150170
151160070
151160130
151160140
151160190
151160200
151170050
151170070
151170110
151180010
151180030
151180040
151180070
151180080
151180090
151180130
151180140
151180170
151180180
151190020
151190030
151190080
151190090
151190110
151190120
151200080
151200090
151200110
151200120
151210010
151210110
151220010
151220060
151220080
151220110
151230040
151230050
152140020
152140050
152140080
152140130
152150110
152150130
152150170
152150180
152150190
152150240
152160060
152160080
152160090
152160120
152160130
152160140
152170020
152170060
152170120
152170150
152180010
152180030
152180130
152180150
152190080
152190100
152190110
152190120
152200010
152210040
152210050
152210070
152210090
152210100
152210120
152210130
152220010
152220070
152230010
152230070
152230090
152230100
152230110
153140080
153140090
153140110
153150020
153150050
153150120
153160020
153160070
153160110
153160150
153160170
153160180
153160200
153160250
153170040
153170050
153170120
153180010
153180090
153180140
153190010
153190020
153190040
153190050
153190060
153190090
153190100
153190120
153190130
153190150
153190160
153200040
153200070
153210010
153210020
153210080
153210090
153210210
153210220
153220010
153220070
153220090
153220100
153220130
153220150
153220260
153220290
153230010
153230020
153230070
153230140
154150010
154150040
154160020
154160040
154160070
154160090
154160120
154160130
154170010
154170030
154170060
154170120
154170150
154170160
154170180
154180010
154180020
154180030
154180050
154180070
154180080
154200030
154200040
154210010
154210020
154210030
154210080
154220010
154220030
154220050
154230010
154230030
154230040
149190090
149190290
149190370
149190380
149200030
149200100
149200220
149200320
150150090
150160080
150160170
150160250
150170140
150170210
150180070
150180210
150190070
150190100
150190160
150190190
150190250
150200020
150210100
150230050
151150100
151180020
151200100
151210120
151210130
151220090
151220100
151230030
152140110
152140120
152150040
152150220
152160150
152170040
152170090
152200100
152210140
152220050
152220080
153150080
153160260
153180110
153180130
153210040
153210170
153220170
153220240
154180060
154180150
154190100
