06729110
06729125
06729127
06729130
06729131
06729132
06729134
06729140
06729142
06729145
06729150
06729180
06729200
06729205
06729207
06729210
06729215
06729216
06729217
06729218
06729220
06729225
06729227
06729230
06729232
06729233
06729235
06729237
06729239
06729241
06729245
06729250
06729260
06729265
06729280
06729300
06729310
06729315
06729317
06729320
06729325
06729327
06729340
06729342
06729345
06729347
06729350
06729360
06729371
06729375
06729380
06729383
06729387
06729388
06729390
06729395
06729400
06729401
06729403
06729405
06729410
06729420
06729425
06729430
06729432
06729435
06729436
06729437
06729438
06729440
06729445
06729447
06729450
06729453
06729455
06729460
06729465
06729470
06729480
06729520
06729525
06729530
06729565
06729567
06729590
06729595
06729598
06729810
06729825
06729830
06729840
06730100
06730105
06730330
06730400
06730501
06730503
06730795
06730800
06731010
06731020
06731050
06731070
06731100
06731105
06731112
06731120
06731123
06731133
06731135
06731137
06731147
06731160
06731161
06731165
06731175
06731185
06731190
06731192
06731193
06731195
06731196
06731197
06731500
06731501
06731502
06731515
06731535
06731540
06731541
06731542
06731550
06731555
06731556
06731560
06731561
06731563
06731564
06731569
06731575
06731580
06731582
06731585
06731600
06731601
06731610
06731620
06731625
06731640
06731650
06731660
06731670
06731675
06731680
06731682
06731685
06731687
06731690
06731691
06731693
06731715
06731720
06731725
06731727
06731730
06731735
06731740
06731743
06731745
06731750
06731757
06731758
06731760
06731765
06731767
06731770
06731772
06731775
06731778
06731780
06731790
06731815
06731850
06731900
06731905
06731906
06731907
06731910
06731920
06731930
06731940
06733100
06733570
06733571
06733635
06733645
