6729110
6729125
6729127
6729130
6729131
6729132
6729134
6729140
6729142
6729145
6729150
6729180
6729200
6729205
6729207
6729210
6729215
6729216
6729217
6729218
6729220
6729225
6729227
6729232
6729233
6729235
6729237
6729239
6729241
6729250
6729260
6729265
6729280
6729300
6729310
6729315
6729317
6729320
6729325
6729327
6729342
6729347
6729350
6729360
6729371
6729375
6729380
6729383
6729387
6729388
6729390
6729395
6729400
6729401
6729402
6729403
6729405
6729410
6729420
6729425
6729430
6729435
6729436
6729437
6729438
6729440
6729445
6729447
6729450
6729453
6729455
6729460
6729465
6729470
6729480
6729520
6729525
6729530
6729567
6729590
6729595
6729598
6729810
6729830
6729840
6730100
6730105
6730330
6730400
6730501
6730503
6730700
6730795
6730800
6731010
6731020
6731050
6731070
6731100
6731105
6731112
6731120
6731123
6731133
6731137
6731147
6731160
6731161
6731165
6731175
6731190
6731192
6731193
6731196
6731197
6731500
6731501
6731502
6731515
6731535
6731540
6731541
6731542
6731550
6731555
6731556
6731561
6731564
6731569
6731575
6731580
6731582
6731585
6731601
6731610
6731620
6731650
6731660
6731670
6731675
6731680
6731682
6731685
6731690
6731691
6731693
6731715
6731720
6731725
6731727
6731730
6731735
6731743
6731750
6731757
6731758
6731760
6731765
6731770
6731772
6731778
6731780
6731790
6731815
6731850
6731900
6731905
6731906
6731907
6731910
6731920
6731930
6731940
6733100
6733570
6733571
6733645
