01159100
01159103
01159110
01159120
01159125
01159130
01159131
01159300
01159301
01159302
01159304
01159305
01159310
01159320
01159330
01159335
01159400
01159403
01159413
01159490
01159500
01159511
01159520
01159525
01159530
01159535
01159540
01159545
01159547
01159548
01159549
01159550
01159560
01159580
01159601
01159650
01159651
01159653
01159655
01159660
01159670
01159675
01159800
01159805
01159810
01159811
01159813
01159815
01159820
01159825
01159830
01159850
01159855
01159860
01159880
01159890
01159900
01159910
01160101
01160102
01160113
01160115
01160120
01160200
01160210
01160220
01160230
01160235
01160240
01160245
01160250
01160257
01160263
01160265
01160266
01160270
01160271
01160275
01160276
01160290
01160295
01160300
01160301
01160303
01160304
01160305
01160310
01160315
01160317
01160320
01160325
01160327
01160328
01160330
01160332
01160341
01160345
01160346
01160347
01160348
01160350
01160351
01160352
01160353
01160360
01160361
01160365
01160367
01160368
01160370
01160373
01160375
01160378
01160380
01160385
01160390
01160393
01160395
01160396
01160398
01160400
01160403
01160405
01160417
01160419
01160420
01160425
01160427
01160430
01160435
01160441
01160450
01160455
01160456
01160457
01160460
01160470
01160487
01160490
01160493
01160500
01160505
01160510
01160511
01160512
01160520
01160523
01160525
01160527
01160528
01160529
01160530
01160533
01160535
01160540
01160545
01160550
01160580
01160600
01160602
01160610
01160611
01160612
01160615
01160621
01160625
01160630
01160631
01160635
01160640
01160641
01160650
01160660
01160670
01160671
01160675
01160680
01160682
01160685
01160687
01160688
01160690
01160695
01160700
01160701
01160704
01160705
01160708
01160709
01160710
01160715
01160717
01160720
01160721
01160730
01160731
01160740
01160750
01160752
01160755
01160756
01160760
01160763
01160765
01160770
01160773
01160775
01160780
01160785
01160788
01160790
01160793
01160795
01160800
01160810
01160815
01160820
01160825
01160840
01160842
01160850
01160851
01160880
01160881
01160882
01160883
01160885
01160890
01160891
01160892
01160893
01160894
01160900
01160911
01160913
01160915
01160920
01160940
01160950
01160955
01160957
01160960
01160965
01160970
01160971
01160975
01160983
01196100
01196102
01196106
01196110
01196130
01196140
01196142
01196150
01196160
01196170
01196175
01196180
01196190
01196200
01196205
01196210
01196213
01196215
01196220
01196300
01196310
01196320
01196330
01196340
01196350
01196360
01196370
01196380
01196390
01196400
01196405
01196410
01196413
01196415
01196420
01196423
01196425
01196435
01196440
01196441
01196443
01196445
01196447
01196450
01196500
01196560
01196561
01196562
01196563
01196564
01196565
01196570
01196600
01196700
01196710
01196720
01196800
01196850
01197001
01197010
01197090
01197100
01197200
01197300
01197310
01197500
01197501
01197502
01197505
01197507
01197510
01197520
01197530
01197540
01197550
01197551
01197555
01197560
01197561
01197562
01197563
01197564
01197580
01197590
01197591
01197593
01197595
01197700
01197701
01197705
01197710
01197730
01197740
01197750
01199100
01199110
01199115
01199200
01199310
01199410
01199415
01199453
01199455
01199460
01199465
