1159100
1159103
1159105
1159110
1159120
1159125
1159130
1159131
1159290
1159300
1159301
1159302
1159304
1159305
1159310
1159320
1159321
1159325
1159330
1159333
1159335
1159337
1159400
1159403
1159405
1159410
1159413
1159415
1159417
1159419
1159450
1159490
1159500
1159510
1159511
1159512
1159513
1159520
1159525
1159530
1159535
1159540
1159545
1159546
1159547
1159548
1159549
1159550
1159555
1159560
1159570
1159580
1159600
1159601
1159650
1159651
1159653
1159655
1159660
1159670
1159673
1159675
1159800
1159805
1159810
1159811
1159813
1159815
1159820
1159825
1159830
1159850
1159855
1159860
1159880
1159890
1159900
1159910
1160091
1160095
1160100
1160101
1160102
1160113
1160115
1160120
1160200
1160210
1160220
1160230
1160235
1160240
1160245
1160250
1160255
1160256
1160257
1160260
1160263
1160265
1160266
1160270
1160271
1160275
1160276
1160290
1160295
1160300
1160301
1160303
1160304
1160305
1160310
1160315
1160317
1160318
1160320
1160324
1160325
1160327
1160328
1160330
1160331
1160332
1160340
1160341
1160345
1160346
1160347
1160348
1160350
1160351
1160352
1160353
1160360
1160361
1160365
1160367
1160368
1160370
1160373
1160375
1160378
1160380
1160385
1160390
1160391
1160393
1160395
1160396
1160398
1160400
1160403
1160405
1160415
1160417
1160419
1160420
1160425
1160427
1160430
1160435
1160441
1160443
1160450
1160453
1160455
1160456
1160457
1160458
1160459
1160460
1160470
1160480
1160481
1160485
1160487
1160490
1160493
1160495
1160500
1160505
1160510
1160511
1160512
1160520
1160523
1160525
1160527
1160528
1160529
1160530
1160533
1160535
1160537
1160540
1160545
1160550
1160580
1160600
1160601
1160602
1160605
1160607
1160610
1160611
1160612
1160615
1160617
1160620
1160621
1160625
1160630
1160631
1160635
1160640
1160641
1160650
1160660
1160670
1160671
1160675
1160680
1160682
1160684
1160685
1160687
1160688
1160690
1160693
1160695
1160700
1160701
1160703
1160704
1160705
1160708
1160709
1160710
1160715
1160717
1160720
1160721
1160723
1160725
1160730
1160731
1160740
1160743
1160745
1160750
1160751
1160752
1160755
1160756
1160760
1160763
1160765
1160770
1160773
1160774
1160775
1160777
1160780
1160785
1160788
1160790
1160793
1160795
1160798
1160800
1160810
1160815
1160820
1160825
1160830
1160840
1160842
1160850
1160851
1160880
1160881
1160882
1160883
1160884
1160885
1160890
1160891
1160892
1160893
1160894
1160895
1160900
1160910
1160911
1160913
1160915
1160919
1160920
1160930
1160940
1160950
1160955
1160957
1160960
1160965
1160970
1160971
1160974
1160975
1160979
1160981
1160983
1160985
1196100
1196101
1196102
1196103
1196104
1196105
1196106
1196110
1196120
1196130
1196140
1196141
1196142
1196150
1196160
1196170
1196175
1196180
1196190
1196200
1196205
1196210
1196213
1196215
1196220
1196300
1196310
1196320
1196330
1196340
1196350
1196360
1196370
1196380
1196390
1196400
1196405
1196410
1196413
1196415
1196420
1196423
1196425
1196435
1196440
1196441
1196443
1196445
1196447
1196450
1196455
1196500
1196540
1196550
1196551
1196560
1196561
1196562
1196563
1196564
1196565
1196569
1196570
1196600
1196700
1196710
1196720
1196800
1196850
1197001
1197010
1197090
1197100
1197200
1197300
1197310
1197500
1197501
1197502
1197505
1197507
1197510
1197520
1197530
1197540
1197550
1197551
1197555
1197560
1197561
1197562
1197563
1197564
1197580
1197590
1197591
1197593
1197595
1197700
1197701
1197705
1197710
1197720
1197730
1197740
1197745
1197750
1199100
1199110
1199115
1199200
1199310
1199400
1199410
1199415
1199450
1199453
1199455
1199460
1199465
