11017010
11027010
11027030
11035020
11037020
11047010
11047030
11057010
11057020
11077010
11077020
11077030
11117010
11117050
12017020
12017060
12017080
12027010
12027050
12027060
12037010
13017010
13017020
13037010
13037040
13047030
13047040
13067020
15017020
15037010
15037020
15037030
15067150
16017020
16027010
16027020
16027100
16027120
16027280
16027300
16037010
16037020
16037030
16037040
16037050
16047010
16047030
16057020
16057030
16057040
16057050
16067010
16067020
21017020
21017040
21017050
21017060
21027010
21037010
21047010
21057040
21057050
21057060
21057070
21057080
21057110
21057120
21087070
21087080
21097070
21097120
21107020
21127020
21137010
21137020
21137030
21137050
21147010
21147030
21167020
21167050
21167080
21167090
21167100
21187020
21187030
21197010
21197030
21197110
21197150
21207960
21217180
21217200
21217280
21237010
21237020
21247040
21247050
21257070
21257100
21257110
21257120
22017010
22017020
22017030
22027010
22027020
22057010
22057040
22057050
22057060
22057070
22057080
22057090
22067010
22077050
22077060
23017020
23017030
23017040
23037010
23057140
23067020
23067040
23067050
23067060
23067080
23077020
23087150
23087160
23087180
23087200
23087210
23087260
23087300
23087660
23087670
23087830
23097030
23107020
23107030
23107040
23127010
23127020
23127060
23147020
23157080
23187040
23187240
23187250
23187300
23197130
23197290
23197410
23197690
23197700
23207010
23207060
24017150
24017570
24017590
24017600
24017610
24017740
24017820
24027010
24027030
24027040
24027050
24027060
24027070
24037010
24037030
24037040
24037070
24037130
24037290
24037370
24037390
24037410
24037460
24037580
24040060
24067010
24067020
25027050
26017020
26017040
26017060
26017070
26027090
26027100
26027200
26027210
26027250
26037010
26047020
26057040
26127040
26137110
26137120
26147130
26147140
26157020
26157100
26167070
26167080
26167090
26177010
26177030
26187110
26197010
26197030
26207030
26207080
26217010
26237020
26237040
26237100
26247020
26247030
27027060
27027080
27037010
28017080
28027160
28037030
28037060
29037020
29067040
29067060
29067070
29067120
29067130
29067150
31097010
31097020
32037030
32067030
32077070
32077080
32077110
32107010
32157040
32157060
32207010
33077010
35017020
35017040
35027100
35027130
35027140
35027190
35027200
35027210
35057010
35067010
35067040
35067050
35067090
35077080
35077090
35077120
35077140
35087010
35087020
35087030
35087040
35097010
35097080
35097090
35097100
35107030
35117010
35127010
35127020
35197020
35197030
35197040
35197050
35197190
35217030
35217060
35257040
35267030
35267080
36027050
37017040
37017050
37027010
37037010
37057020
42067010
42077010
42077020
44017050
44017060
44017090
44017110
44017140
44037050
44037060
44037080
44037090
44037100
46017010
47017020
47017100
47017110
47017130
47017150
47017160
47030010
47077010
51027020
51027030
51027060
52017010
52017030
52017060
52017070
52017080
52017100
52017110
52017120
52017130
52027010
52027030
52037010
52047010
52047020
52057030
52057040
52057050
52057060
52067010
52067040
53047010
53077010
53077020
53077060
54017040
54027030
54057010
54077010
54077030
