11057020
11077010
16017020
16037020
21017040
21017050
21027010
21037010
21047010
21057050
21057080
21087070
21087080
21127020
21137010
21137030
21147010
21167050
21187020
21197110
21217200
21237020
22017010
22017020
22017030
22057010
22057040
22057080
22057090
22077060
23017020
23057140
23077020
23127020
23187300
23197130
23197290
24017150
24017590
24017610
24027040
24027070
24037030
24037040
24037070
24037130
24037290
24037410
24037460
26017040
26017060
26017070
26027090
26027100
26027210
26037010
26057040
26147130
26177030
26247020
28017080
28037030
35027100
35077120
35217060
37017040
37027010
44017060
44017110
46017010
47017020
52037010
52057040
54027030
54077010
21097070
21197150
21247050
21257100
22027020
22057060
23037010
23107020
24017570
26207080
27037010
29037020
35087010
44017050
47017110
52047010
