1001620
1001625
1001630
1001655
1001660
1001670
1002605
1002610
1002615
1002635
1002640
1002650
1002675
1002685
1002687
1002698
1003620
1005640
1005695
1005697
1006650
1006660
1006665
1006672
1006680
1006690
1007605
1007615
1007617
1007625
1007635
1007640
1007645
1007650
1007655
1007680
1007685
1012630
1013645
1013655
1014620
1014630
1014640
1014650
1014680
1015644
1015645
1016650
1016660
1018610
1018620
1018623
1018625
1018630
1018635
1018640
1018650
1018655
1018662
1018665
1018670
1018675
1018683
1018690
1018693
1018695
1018697
1019630
1021650
1021680
1022630
1022640
1022648
1022650
1022655
1022680
1023660
1023670
2001630
2002655
2002685
2002692
2003610
2003640
2003670
2003690
2004605
2004635
2004640
2004650
2004655
2004668
2004675
2004680
2004695
2005660
2005680
2006625
2006630
2006665
2007620
2007640
2007660
2008630
2008635
2008645
2008650
2008690
2009620
2009670
2010650
2010690
2011640
2011650
2011660
2012628
2012640
2012645
2012648
2012650
2012652
2012653
2012660
2012665
2012670
2012690
2012695
2012696
2013615
2013650
2013685
2013690
2014620
2014640
2014660
2014680
2014690
2015635
2016650
2016680
2017620
2017685
2018620
2018630
2018635
2018645
2018655
2018665
2018674
2018680
2018685
2019610
2019615
2019635
2019655
2019695
2020603
2020615
2020650
2020675
2021640
2021665
2021675
2021677
2021685
2021690
2022610
2022640
2022655
2022660
2022670
2022680
