00203005
00203010
00203030
00204002
00204025
00204030
00204034
00204037
00204041
00204046
00204051
00204056
00204906
00206009
00206014
00206018
00206025
00207004
00207014
00208004
00208005
00208007
00208009
00208011
00208015
00208024
00208026
00210006
00210011
00210014
00210016
00210017
00210022
00210031
00210052
00211008
00211009
00211013
00211014
00212040
00212209
00212260
00215002
00215004
00215207
00216002
00216004
00216009
00218005
00218007
00219003
00221002
00221201
00221207
00221208
00221210
00221211
00221212
00222004
00222016
00222202
00222206
00222213
00223204
00223205
00224203
00224213
00225201
00225209
00225213
00225218
00225219
00225221
00225223
00225224
00226023
00226205
00226209
00226218
00226220
00226222
00226402
00226407
00226410
00227200
00227202
00227205
00227210
00227211
00227219
00227225
00227226
00227231
00227236
00227237
00230205
00231211
00231213
00231225
00232214
00232215
00233214
00233223
00234200
00234201
00234209
00235202
00235203
00235205
00235210
00235211
00235219
00235224
00235227
00235233
00235234
00235237
00236202
00236203
00236204
00236205
00236209
00236210
00236212
00236216
00237202
00237206
00237207
00238204
00238208
00238219
00238235
00302200
00302208
00302214
00303203
00304040
00304497
00304499
00305202
00306119
00307473
00308145
00308799
00312061
00314212
00314213
00314214
00315450
00316624
00317200
00318076
00318150
00318181
00318191
00318311
00319204
003303A
00401009
00401012
00401016
00401017
00401203
00401210
00401212
00401216
00401217
00401220
00402204
00402213
00402217
00403205
00403213
00403217
00403221
00403223
00403224
00403226
00403230
00403232
00403233
00404204
00404207
00405205
00405209
00405212
00405214
00405215
00405217
00405218
00405219
00405226
00405227
00405228
00405229
00405230
00405234
00405238
00405240
00405245
00405246
00405251
00405263
00405264
00406208
00406213
00406214
00406224
00406235
00407211
00407213
00407214
00407217
00407220
00407221
00407230
00407246
00407253
00408200
00408202
00408206
00410026
00410038
00410044
00410057
00410062
00410088
00410141
00410156
00410705
00410713
00410731
00410734
00410761
00411003
00412028
00412029
00412066
00415201
00415207
00415220
00415223
00415237
00415238
00416003
00416010
00416020
00416023
00416032
00418005
00418014
00418015
00418017
00418021
00418025
00418027
00418032
00419005
00419016
00419029
00419035
00419054
00420003
00420017
00421042
00421048
00421050
00424002
00603003
00603004
00603005
00603007
00603190
00604001
00605012
00606002
00606185
00606195
00607004
00607007
00607013
00607155
00607220
00608151
00609002
00609005
00609018
00610001
00610008
00611004
00611111
00612001
00612014
00612025
00612034
00613002
00613146
00614006
00616001
00616002
00616006
00616013
00616019
00616041
00616065
00616216
00617002
00617003
00701007
00701009
00704139
00704193
00705001
00707005
00708011
00710229
00802055
00803003
00804001
00809310
00809315
00809316
00809321
00809322
102101A
104001A
105101A
105102A
105105A
107001B
108002A
108003A
111005A
112002A
112101B
112102A
114001A
116006B
116010A
116011A
116014A
116015A
117002A
119003A
120301B
120304A
121001A
121002A
121003A
125005A
129001A
130004A
130302A
130324A
130403A
132001A
135002A
135004A
136006A
136203A
136304A
138009A
138010A
138113A
138903A
140002A
141008A
143007A
143009A
143110A
143303A
145010A
145018A
145101D
145102B
145107A
146012A
146095A
225020A
225110A
229650A
403209A
422202B
422306A
422313B
422319B
422321B
422338A
422394A
424201A
912101A
912105A
915011A
915206A
917107A
919003A
919005A
919201A
919309A
922101B
925001A
926002A
A0020101
A0030501
A2390523
A2390531
A4260533
A5030502
A5040517
A5040523
A5050517
A5060500
A5070500
A5070503
A5090503
A5130501
G0010005
G8110004
G8140008
G8140063
G8140067
G8140161
G8150010
G8150018
G8150098
G8170002
G8200045
G9030001
G9030250
G9070142
00201001
00204007
00204014
00204017
00204036
00204039
00207013
00207015
00208003
00209002
00209003
00210040
00218001
00218008
00219001
00219006
00219017
00219022
00220003
00221209
00222210
00222217
00223202
00224201
00224206
00224214
00226204
00226226
00227213
00227227
00230209
00230210
00231231
00234203
00235204
00235209
00236213
00237200
00237205
00238223
00238229
00238230
00238231
00314207
00401013
00401015
00401208
00401215
00402206
00403200
00403214
00403222
00405231
00405237
00405241
00405248
00405274
00406226
00406250
00407215
00407239
00410024
00410033
00410047
00410061
00410091
00410730
00412050
00415206
00415226
00415245
00416008
00416016
00419010
00421018
00421026
00421055
00602004
00603136
00604053
00606001
00607003
00607144
00608002
00609010
00612230
00614037
00614044
00614196
00614224
00616178
00701002
00707002
00709010
00710003
111007A
113004A
116012A
116013A
117003A
118106A
120102A
122004A
124002A
126003A
130410A
130413A
136202D
136208A
137101A
137201A
138004B
138110A
143107A
143209B
145011A
146010A
146014A
229661A
422334A
A2390519
G0050115
G0060005
G8110016
G8140001
G8140011
G8140040
G8150180
G8190001
G8210010
G9030124
