00000005
00000020
00000037
00000097
00000138
00000186
00000200
00000257
00000364
00000591
00000654
00000736
00000740
00000855
00001069
00001083
00001123
00001166
00001169
00001236
00001243
00001328
00001341
00001375
00001403
00001480
00001575
00001583
00001609
00001622
00001635
00001639
00001673
00001685
00001697
00001740
00001762
00002020
00002203
00020002
00000751
00001171
00001221
00001273
00001309
00001378
00001537
00001623
00001662
00001780
