00001080
00001103
00001105
00001106
00001109
00001163
00001265
00001268
00001295
00001302
00001343
00001353
00001363
00001369
00001378
00001395
00001404
00001414
00001424
00001427
00001433
00001438
00001464
00001485
00001512
00001522
00001540
00001544
00001546
00001552
00001578
00001585
00001605
00001619
00001622
00001624
00001638
00001647
00001659
00001721
00001723
00001725
00001726
00001728
00001729
00001734
00001753
00001765
00001823
00001824
00001829
00002000
00002005
00002012
00002013
00002015
00002016
00002017
00002025
00002026
00002029
00002031
00002036
00002041
00002043
00002046
00002049
00002050
00002053
00002055
00002056
00002057
00002060
00002062
00002081
00002082
00002089
00002098
00002101
00002104
00002105
00002114
00002115
00002116
00002121
00002125
00002131
00002138
00002139
00002143
00002145
00002147
00002156
00002163
00002711
00002712
00002714
00002716
00002717
00002818
00003001
00003005
00003014
00003030
00003040
00003045
00003049
00003051
00003062
00003100
00003103
00003144
00003146
00003161
00003165
00003168
00003169
00003174
00003175
00003180
00003182
00003184
00003186
00003193
00003198
00003200
00003212
00003213
00003217
00003218
00003220
00003221
00003234
00003235
00003242
00003244
00003246
00003250
00003253
00003256
00003261
00003268
00003269
00003278
00003279
00004255
00005045
00005050
00005056
00005083
00005107
00005123
00005136
00005138
00005141
00005142
00005145
00008018
00008028
00008029
00008087
00008090
00008091
00008103
00008120
00008126
00008134
00009003
00009011
00009020
00009021
00009023
00009030
00009040
00009044
00009051
00009061
00009062
00009063
00009067
00009068
00009069
00009070
00009071
00009073
00009074
00009079
00009093
00009095
00009120
00009139
00009158
00009159
00009165
00009166
00009170
00009177
00009184
00009188
00009189
00009197
00009203
00009215
00009252
00009254
00009261
00009265
00009271
00009279
00009281
00009282
00009283
00009284
00009287
00009317
00009321
00009323
00009324
00009327
00009328
00001365
00001431
00001441
00001443
00001520
00001542
00001620
00001715
00002028
00002030
00002047
00002054
00002061
00002074
00002095
00002113
00002126
00002132
00002141
00002144
00002150
00002713
00003012
00003052
00003163
00003211
00003222
00003231
00003276
00008060
00008104
00008118
00008149
00009002
00009004
00009033
00009038
00009041
00009064
00009075
00009088
00009089
00009092
00009187
00009256
00009263
00009270
00009291
00009322
