1001002
1001003
1020002
1020003
1021001
1021002
1041002
1044001
1050002
1050004
1201001
1201003
1201005
1210001
1211001
1310002
1410004
1502002
1730003
1730007
2101001
2103001
2103002
2104002
2105001
2105002
2105007
2110001
2110004
2112006
2112007
2113001
2120001
2510001
3022001
3041001
3041002
3041003
3041004
3041005
3050001
3404001
3414001
3421001
3430001
3430003
3431001
3434003
3453001
3802001
3804002
3806001
3814003
3815001
3815002
3820001
3820003
3825001
4301002
4302001
4308001
4311001
4313001
4314002
4320001
4323001
4335001
4400001
4501001
4503001
4511002
4512001
4513001
4514001
4515002
4520001
4522002
4523002
4530001
4531002
4532001
4533002
4537001
4557002
4558001
4703002
4711001
4712001
4716004
4721001
4723001
4726001
4730001
4810001
5100001
5101001
5110002
5120001
5200001
5221002
5320001
5401003
5402001
5403002
5406001
5410002
5410005
5411001
5414001
5421002
5423003
5701002
5702001
5704002
5705001
5706001
5707002
5710001
5716001
5720001
5721001
5722001
5722002
5730008
5737002
5741001
5746001
5748001
6002001
6003001
6006001
6011001
6013001
6015001
6018001
6027001
6028001
6043001
6132001
7102005
7103001
7104002
7112001
7115001
7116001
7123001
7321002
7322001
7330001
7332001
7335001
7335002
7336001
7339001
7341001
7343001
7350001
7350002
7350003
7354002
7355002
7357002
7358001
7359001
7372001
7374001
7381001
7383001
8104001
8105001
8112001
8114001
8117005
8123001
8124001
8124002
8130001
8130002
8132001
8134003
8135002
8141001
8144001
8220001
8304001
8317001
8317002
8319001
8323001
8323002
8330001
8334001
8342001
8343001
8351001
8356001
8358001
8362001
8376001
8380001
8383001
8394001
8720001
8820001
8821002
8910001
9101001
9102001
9104001
9104002
9106001
9107001
9113001
9116001
9122002
9123001
9126001
9127001
9129002
9131001
9134001
9135001
9140001
9402001
9404001
9405001
9412001
9414001
9416001
9420001
9423001
9433001
9434001
9436001
9437002
10100002
10102001
10111001
10121001
10134001
10137001
10140001
10304001
10305001
10306001
10311001
10313001
10328001
10340001
10343001
10356001
10362001
10363002
10364001
10411002
10414001
11130001
11141001
11143001
11143002
11147002
11302001
11307001
11308001
11310001
11310002
11310003
11315001
11316001
11317001
11335002
11342001
11505001
11514001
11521001
11536001
11701001
12280002
12284002
12284003
12284006
12284007
12285001
12287001
12289001
12289002
12448001
12452001
12582001
12585001
12586001
12600001
12622001
12802001
12805001
12806001
12876001
