01001002
01001003
01020002
01020003
01021001
01021002
01041002
01044001
01050002
01050004
01201001
01201003
01201005
01211001
01310002
01410004
01502002
01730003
01730007
02101001
02103002
02104002
02105007
02110001
02110004
02112007
02113001
02510001
03022001
03041001
03041002
03041003
03041004
03041005
03404001
03414001
03421001
03430001
03430003
03434003
03453001
03802001
03804002
03806001
03814003
03815001
03815002
03820001
03820003
03825001
04301002
04302001
04308001
04311001
04313001
04314002
04320001
04323001
04335001
04400001
04503001
04512001
04513001
04514001
04515002
04520001
04523002
04530001
04531002
04533002
04537001
04557002
04558001
04711001
04716004
04721001
04723001
04730001
04810001
05100001
05101001
05120001
05200001
05221002
05320001
05401003
05403002
05410002
05410005
05414001
05423003
05701002
05704002
05705001
05706001
05707002
05716001
05720001
05721001
05722001
05722002
05730008
05737002
05741001
05746001
05748001
06002001
06003001
06006001
06013001
06015001
06018001
06027001
06028001
06043001
06132001
07102005
07103001
07104002
07112001
07115001
07116001
07123001
07321002
07322001
07330001
07332001
07335001
07336001
07339001
07341001
07343001
07350001
07350002
07354002
07355002
07357002
07358001
07359001
07372001
07374001
07381001
07383001
08104001
08105001
08112001
08117005
08123001
08124001
08124002
08130001
08130002
08132001
08134003
08135002
08141001
08144001
08220001
08304001
08317001
08317002
08319001
08323001
08330001
08334001
08342001
08343001
08358001
08362001
08376001
08394001
08820001
08821002
08910001
09101001
09102001
09106001
09113001
09116001
09122002
09123001
09126001
09129002
09131001
09134001
09135001
09140001
09402001
09404001
09412001
09416001
09423001
09433001
09434001
09436001
09437002
10100002
10102001
10111001
10121001
10134001
10137001
10304001
10305001
10306001
10311001
10313001
10328001
10340001
10356001
10363002
10411002
10414001
11130001
11141001
11143001
11143002
11147002
11302001
11307001
11308001
11310002
11310003
11315001
11316001
11317001
11335002
11342001
11505001
11514001
11536001
11701001
12280002
12284002
12284003
12285001
12287001
12289001
12289002
12448001
12452001
12582001
12585001
12586001
12600001
12622001
12802001
12805001
12806001
12876001
01210001
02103001
02105001
02105002
02112006
02120001
03050001
03431001
04501001
04511002
04522002
04532001
04703002
04712001
04726001
05110002
05402001
05406001
05411001
05421002
05702001
05710001
06011001
07335002
07350003
08114001
08323002
08351001
08356001
08380001
08383001
08720001
09104001
09104002
09107001
09127001
09405001
09414001
09420001
10140001
10343001
10362001
10364001
11310001
11521001
12284006
12284007
