01001001
01001002
01001003
01020002
01020003
01021001
01021002
01041002
01044001
01050002
01050004
01201001
01201003
01210001
01211001
01300009
01310002
01410004
01502002
01502008
01610004
01730001
01730007
01730012
02101001
02103002
02103003
02104002
02104003
02104013
02105001
02105002
02105005
02105007
02110002
02110004
02110031
02112005
02112006
02113001
02120001
02510001
03022001
03041001
03041002
03041003
03041004
03041005
03050001
03404001
03414001
03421001
03430001
03430002
03430003
03431001
03434001
03434003
03450001
03453001
03804002
03814001
03814003
03815001
03815002
03820001
03820003
03825001
03826001
04302001
04306001
04308001
04311001
04314001
04320001
04323001
04335001
04501001
04501002
04502001
04502002
04506002
04511001
04511002
04512001
04513001
04515001
04516001
04520001
04522002
04523002
04530001
04531002
04532001
04533002
04534001
04537001
04540001
04540002
04550003
04556001
04557002
04703001
04703002
04704001
04704002
04711001
04712001
04716001
04716004
04721001
04723001
04726001
04730001
04810005
04810006
05100001
05101001
05101002
05110002
05120001
05200001
05221001
05221002
05320001
05401002
05402001
05402015
05403002
05403003
05405001
05406001
05410001
05410002
05410005
05411001
05411002
05414001
05415002
05420002
05421001
05421002
05422001
05423002
05423004
05423005
05423006
05427003
05701001
05701002
05702001
05703006
05704002
05705001
05706001
05707002
05710001
05715001
05716001
05720001
05721001
05722001
05722002
05730005
05730008
05741001
05746001
05748001
06003001
06008005
06011001
06013001
06015001
06018001
06027001
06033001
06033011
06034001
06034022
06034023
06043001
06132001
07102001
07102005
07103001
07104001
07104002
07115001
07123001
07300001
07303000
07306001
07308001
07308002
07317003
07317005
07320003
07321002
07322001
07330001
07332001
07335001
07335002
07336001
07339001
07340001
07341001
07350001
07350003
07354001
07354002
07355001
07355002
07355003
07357002
07358001
07372001
07374001
07379002
07381001
07383001
07400001
08104001
08105001
08106001
08106002
08112001
08115001
08117001
08117004
08117005
08117006
08123001
08124001
08124002
08130002
08132001
08133001
08134002
08134003
08135002
08140002
08141001
08144001
08210003
08220001
08220008
08220010
08304001
08308000
08312000
08312001
08313000
08313001
08316002
08317001
08317002
08319001
08323001
08323002
08324002
08330001
08332001
08334001
08342001
08343001
08350001
08351001
08356001
08358001
08362001
08366002
08372002
08376001
08380001
08380006
08381003
08383001
08385001
08386001
08393002
08394001
08530001
08700002
08820001
08821001
08821002
08821003
08821006
08822001
08822002
08910001
09101001
09101002
09102001
09104001
09104002
09106001
09107001
09107002
09111001
09116001
09122002
09126001
09129002
09134001
09135001
09140001
09400000
09402001
09404001
09405001
09412001
09414001
09420001
09423001
09433001
09434001
09436001
10100002
10100006
10102001
10111001
10121001
10122001
10122002
10122003
10133000
10134001
10137001
10140001
10142003
10304001
10305001
10306001
10311001
10322003
10327001
10328001
10340001
10343002
10344003
10344004
10351001
10356001
10362001
10363002
10364001
10401001
10405001
10405002
10405005
10411002
10411003
10414001
10431000
10431001
10432002
10432003
10440000
10503001
10514001
10520001
10523002
10683002
10701002
10702002
10704002
11020004
11040001
11141001
11143001
11143002
11147001
11147002
11151001
11302001
11310001
11310003
11312001
11314001
11315001
11335002
11337001
11405001
11500002
11504001
11505001
11514001
11520002
11521001
11530000
11532000
11536004
11542001
11545000
11710000
11711000
12280002
12284003
12284005
12284007
12285001
12285003
12287001
12288002
12288003
12288004
12289001
12289002
12289003
12291001
12400003
12448001
12452001
12561001
12585001
12586001
12600001
12622001
12660001
12802001
12805001
12806001
12820001
12825002
12861001
12863002
12865001
12872001
12876001
12876004
12878001
12930001
01201005
01610002
01730002
01730003
02103001
02103014
02110001
02112007
03802001
03806001
03820002
04301002
04313001
04314002
04400001
04503001
04514001
04515002
04522001
04523001
04531001
04535002
04558001
04714001
04810001
05401003
05406002
05423003
05721016
05734001
05737002
06000003
06002001
06006001
06019003
06025001
06028001
06035001
07112001
07116001
07200002
07331001
07343001
07350002
07351001
07359001
07379001
08114001
08117008
08118001
08130001
08220009
08307002
08317004
08317005
08430001
08700003
08720001
09113001
09123001
09127001
09131001
09416001
09437002
10313001
10343001
11130001
11307001
11308001
11310002
11316001
11317001
11342001
11536001
11701001
12284002
12284006
12286002
12400004
12563001
12582001
12585002
