1001
1010
1081
1102
1105
1127
1151
1176
1217
1342
1368
1421
1425
1534
1538
1556
1563
1566
1576
1593
1596
1608
1619
1801
2007
2010
2013
2014
2017
2021
2026
2027
2034
2040
2057
2058
2062
2090
2094
2097
2103
2106
2107
2111
2115
2122
2126
2128
2139
2148
2152
2155
2164
2180
2187
2190
2192
2193
2198
2199
2202
2203
2206
2208
2212
2219
2221
2222
2226
2227
2229
2241
2258
2269
2270
2279
3001
3003
3008
3014
3017
3021
3029
3036
3042
3056
3057
3059
3068
3073
3074
3076
3079
3083
3085
3087
3088
3095
3096
3102
3106
3110
3113
3119
3120
3133
3135
3136
3147
3150
3155
3156
3157
3159
3160
3161
3163
3169
3171
3175
3178
3180
3201
3203
3207
3210
3214
3218
3219
3220
3222
3225
3229
3232
3234
3237
3245
3246
3247
3248
3250
3252
3257
3258
3259
3261
3263
3264
3271
3277
3283
3291
3292
3293
3307
3310
3315
3329
3334
3341
3344
3355
3357
3360
3365
3366
3367
3383
3390
3403
3404
3405
3407
3414
3424
3430
3431
3443
3445
3479
3480
3483
3488
3489
3507
3510
3515
3516
3518
3527
3554
3560
3564
3569
3577
3579
3581
3597
3599
3602
3603
3616
3625
3627
3630
3637
3655
3659
3669
3801
3811
3821
3881
4005
4012
4027
4032
4033
4034
4036
4043
4058
4068
4071
4085
4090
4095
4102
4105
4107
4116
4141
4145
4148
4158
4159
4160
4173
4175
4179
4181
4197
4212
4226
4235
4238
4240
5013
5024
5033
5036
5052
5055
5063
5072
5074
5081
5082
5085
5092
5094
5105
5122
5128
5132
5135
5148
5151
5160
5166
5167
5171
5190
5199
5202
5208
5211
5216
5217
5237
5239
5250
5254
5262
5263
5277
5280
5287
5292
5311
5313
5319
5321
5328
5336
5347
5348
5352
5358
5370
5383
5403
5415
5420
5440
5449
5453
5458
5459
5461
5507
5529
5539
5552
5555
5580
5583
5589
5597
5600
5604
5607
5611
5613
5635
5642
5652
5662
5664
5673
5674
5733
5736
5740
5746
5749
5758
5759
5765
6046
6049
6053
6058
6060
6065
6067
6074
6076
6077
6084
6086
6089
6091
6092
6096
6097
6103
6105
6108
6116
6121
6127
6128
6133
6134
6139
6141
6143
6148
6151
6155
6159
6162
6163
6167
6171
6175
6178
6180
6181
6184
6187
6190
6194
6197
6207
6211
6218
6229
6231
6235
6237
6239
6250
6256
6259
6295
6299
6319
6323
6329
6331
6334
6345
6349
6373
6387
6403
6407
6411
6414
6424
6437
6443
6444
6456
6473
6479
6485
6488
6491
6492
6496
6506
6507
6528
6535
6545
6549
6550
6551
6557
6562
6563
6564
6568
6573
6574
7003
7004
7006
7008
7009
7011
7012
7015
7016
7020
7022
7024
7029
7031
7033
7034
7036
7039
7041
7047
7051
7053
7056
7060
7062
7064
7066
7072
7076
7080
7087
7091
7093
7096
7098
7099
7102
7104
7108
7112
7119
7124
7130
7133
7142
7148
7152
7156
7161
7167
7168
7171
7172
7174
7176
7180
7185
7187
7190
7197
7200
7202
7203
8013
8059
8084
8091
8095
8097
8099
8120
8129
8134
8139
8145
8147
8150
8155
8161
8162
8172
8182
8184
8186
8188
8194
8198
8204
8209
8217
8219
8230
8233
8241
8246
8249
8251
8254
8256
8281
8288
8289
8290
8291
8296
8306
8313
8317
8321
8323
8326
8334
8339
8347
8356
8359
8361
8364
8367
8374
8375
8376
8379
8384
8389
8403
8410
8411
8412
8582
9002
9022
9049
9053
9079
9092
9112
9115
9116
9122
9124
9125
9127
9134
9138
9164
9166
9169
9189
9191
9199
9204
9207
9213
9215
9216
9217
9223
9226
9235
9237
9253
9256
9264
9279
9282
9283
9285
9286
9290
9294
9297
9298
9301
9302
9304
9306
9309
9312
9316
9319
9323
9324
9326
9329
9331
9333
9335
9337
9341
9342
9343
9344
9345
9355
9356
9370
9371
9372
9380
9383
9384
9385
9390
9396
9397
9401
9403
9404
9406
9415
9417
9419
9422
9427
9429
9436
9499
9503
9511
9520
9521
9522
9523
9546
9547
9560
9563
9566
9568
9577
9588
9803
9978
10002
10006
10010
10015
10021
10024
10031
10042
10044
10048
10058
10059
10060
10062
10066
10071
10073
10075
10078
10100
10103
10108
10110
10111
10112
10117
10120
10122
10126
10127
10132
10133
10134
10137
10138
10139
10144
10148
10150
10168
10172
10174
10175
10176
10177
10184
10194
10198
10202
10204
10205
10209
10211
10215
10216
10219
10220
10221
10223
10225
10231
10232
10233
10240
10246
10251
10257
10259
10264
10266
10276
10277
10279
10287
10292
10298
10301
10305
10306
10308
10310
10315
10317
10323
10328
10329
10331
10338
10341
10342
10343
10349
10357
10369
10378
10379
10380
10384
10385
10387
10392
10394
10396
10400
10402
10404
10407
10411
10414
10416
10423
10424
10428
10430
10432
10441
10444
10453
10455
10460
10461
10468
10475
10476
10478
10488
10489
10497
10503
10505
10507
10509
10511
10519
10524
10532
10539
10548
10549
10554
10556
10557
10566
10567
10570
10571
10573
10583
10584
10585
10586
10587
10589
10591
10594
10595
10608
10620
10623
10625
10632
10641
10644
10651
10653
10660
10688
10693
10694
10701
10713
11048
11056
11061
11306
11308
11309
11312
11327
11332
11334
11335
11337
11350
11351
11352
11353
11357
11364
11365
11368
11369
11370
11372
11374
11379
11384
11385
11386
11390
11411
11412
11414
11415
11473
11487
11491
11496
11499
11500
11502
11524
11526
11527
11534
11536
11538
11542
11544
11545
11551
11555
11556
11558
11563
11571
11574
11575
11590
11592
11619
11620
11622
11623
11626
11628
11634
11637
11639
11675
11676
11801
11805
11807
12010
12014
12018
12022
12040
12043
12059
12061
12092
12098
12115
12123
12125
12127
12129
12136
12189
12202
12222
12239
12244
12279
12305
12315
12320
12346
12354
12383
12401
12402
12412
12415
12417
12430
12476
12498
12511
12554
12611
12613
12614
12651
12652
19008
19016
19039
19049
19050
19063
19087
19088
19092
19106
19108
19111
19114
19115
19118
19121
19122
19123
19127
19128
19135
19143
19153
19154
19158
19159
19167
19169
19170
19172
19183
19185
19190
19197
19235
19313
19381
19382
19383
48002
48006
48011
48021
48029
48030
48038
48043
48056
48058
48069
48071
48075
48079
48085
48088
48089
48090
48091
48097
48099
48110
48123
49001
49014
49017
49030
49047
49048
49052
49053
49054
49055
49058
49070
49090
49093
49094
49095
49099
49103
49110
49114
49120
49123
49125
49126
49127
49128
49129
49149
70002
70011
70021
70025
70027
70031
70036
70043
70066
70072
70085
70091
70098
70102
70117
70118
70120
70121
70129
70135
70139
70147
70150
70152
70153
70156
70158
70163
70167
70169
70175
70176
70180
70200
70205
70206
70207
70209
70211
70212
70213
70215
70217
70221
70227
70230
70238
70242
70246
70248
70250
70252
70270
70271
70274
70275
70284
70288
70291
70292
70293
70295
70298
70299
70302
70309
70311
70328
70331
70334
70339
70340
70345
70348
70361
70362
70363
70366
70374
70376
70377
70378
70382
70390
70393
70394
70399
70403
70408
70410
70414
70421
70442
70444
70458
70459
70466
70486
70494
70499
70509
70512
70517
70522
70531
70533
70540
70549
70557
70559
70566
70569
70574
70575
70579
70583
70584
70586
70587
70589
70596
70597
70601
70605
70609
70611
70614
70615
70616
70617
70619
70620
70623
70624
70629
70801
70827
70842
70844
70850
71018
71044
71067
71068
71077
71085
71086
71090
71092
71096
71104
71109
71126
71131
71139
71140
71146
71153
71165
71168
71185
71186
71193
71199
71239
71241
71245
71258
71260
71267
71268
71277
71288
72002
72004
72007
72008
72039
72043
72055
72064
72076
72083
72090
72095
72096
72098
72102
72104
72106
72109
72110
72113
72130
72144
72148
72155
72156
72162
72172
72179
72188
72191
72192
72198
72239
72246
72269
72281
72285
72327
72423
72427
72450
72454
72459
72481
72508
72510
72518
72519
72559
72566
72569
72577
72585
72588
72592
72603
72610
72623
72625
72649
72654
72660
72661
72668
72682
72696
72716
72721
72729
72731
72738
72739
72744
72745
72748
72752
72753
72760
72761
72818
73110
73186
73190
74362
74410
74413
74416
74425
74428
74431
74434
74438
75006
75033
75058
75074
75079
75106
75108
75110
75111
75119
75121
75128
75150
75151
75156
75158
75168
75169
75176
75190
75196
75198
75200
75201
75202
75203
75208
75209
75210
75211
75217
75219
75221
75222
75225
75227
75235
75236
75238
75239
75241
75254
75257
75259
75263
75265
75266
75267
75271
75273
75274
75280
75284
75286
75287
75288
75289
75290
75291
75292
75293
75296
75297
75299
75300
75301
75303
75306
75309
75311
75314
75317
75320
75326
75328
75332
75333
75336
75337
75339
75343
75348
75359
75361
75367
75368
75382
75387
75388
75389
75394
75402
75403
75421
75427
75428
75450
75453
75463
75469
75477
75480
75491
75497
75500
75501
75503
75505
75511
75512
75518
75520
75521
75527
75530
75536
75540
75543
75547
75552
75553
75561
75573
75576
75579
75605
75607
75608
75615
75619
75624
75627
75631
75635
75643
75645
75646
75648
75656
75658
75664
75674
75676
75678
75682
75683
75684
75687
75692
75697
75699
75710
75716
75718
75719
75720
75727
75728
75740
75744
75749
75751
75752
75758
75761
75772
75776
75780
75782
75783
76007
76008
76075
76076
76089
76099
76112
76130
76136
76139
76141
76145
76147
76159
76165
76176
76180
76190
76217
76243
76253
76255
76256
76263
76264
76270
76275
76284
76289
76295
76317
76318
76320
76321
76324
76325
76345
76351
76355
76360
76363
76364
76367
76406
76408
76416
76417
76421
76423
76454
76456
76461
76462
76466
76470
76483
76486
76489
76490
76491
76492
76494
76495
76499
76500
76504
76512
76518
76519
76520
76533
76550
76553
76556
76557
76566
76574
76584
76594
76596
76597
76601
76602
76603
76611
76614
76619
76620
76627
76628
76634
76638
76640
76642
76644
76646
76648
76649
76650
76651
76652
76653
76654
76655
76656
76661
76663
76664
76665
76668
76669
76671
76673
76674
76675
76676
76685
76688
76690
76692
76695
76696
76697
76700
76701
76702
76704
76705
76706
76708
77112
77115
77116
77124
77130
77132
77140
77146
77152
77156
77159
77164
77166
77179
77189
77193
77197
77201
77209
77210
77212
77217
77223
77231
77242
77245
77246
77250
77259
77260
77266
77270
77276
77285
77288
77292
77298
77311
77327
77329
77336
77339
77340
77348
77362
77370
77397
77407
77409
77801
78004
78011
78013
78016
78017
78021
78050
78052
78053
78054
78055
78078
78082
78087
78092
78106
78109
78111
78130
78132
78135
78138
78141
78142
78144
78146
78160
78163
78164
78165
78173
78182
78188
78191
78196
78202
78205
78218
78225
78229
78231
78234
78235
78252
78261
78275
78277
78334
78343
78345
78391
78393
78394
78404
78410
78499
78501
78502
78503
78504
78507
78509
78510
78512
78513
78515
78519
78529
78563
78568
78590
78596
78611
78613
78614
78620
78623
78801
79001
79006
79011
79051
79244
79261
79324
79335
80113
80118
80148
80157
80160
80165
80172
80174
80196
80197
80198
80204
80218
80220
80222
80224
80230
80236
80405
80424
80442
80592
82010
82013
82023
82025
82026
82033
82034
82039
82046
82050
82060
83061
83063
83110
83137
83150
83157
83161
83174
83183
83202
83207
83214
83236
83249
83260
83262
83266
83286
83288
83314
83318
83323
83338
83340
83348
83350
83369
83372
83374
83378
83385
83395
83409
83411
83415
83437
83441
83454
83459
83460
83481
83486
83497
84004
84008
84009
84011
84019
84026
84029
84031
84034
84037
84039
84043
84064
84078
84091
84108
84119
84129
84157
84165
84173
84179
84185
84192
84200
84213
84215
84233
84243
84245
84279
84295
84299
84302
84312
84315
84321
84336
84342
84343
84344
84346
84347
84351
84354
84398
84399
84400
84401
84446
84447
84448
84449
84452
84453
84454
84803
84822
84824
84827
