00001001
00001010
00001081
00001102
00001105
00001127
00001151
00001176
00001217
00001342
00001368
00001421
00001425
00001538
00001556
00001563
00001566
00001576
00001593
00001596
00001619
00001801
00002013
00002014
00002017
00002026
00002027
00002040
00002057
00002058
00002062
00002094
00002097
00002106
00002107
00002111
00002115
00002122
00002128
00002139
00002148
00002152
00002155
00002164
00002180
00002187
00002190
00002192
00002193
00002198
00002199
00002202
00002203
00002206
00002208
00002212
00002219
00002221
00002222
00002227
00002241
00002258
00002270
00002279
00003003
00003008
00003014
00003021
00003029
00003036
00003042
00003057
00003068
00003073
00003074
00003079
00003083
00003085
00003087
00003095
00003096
00003102
00003106
00003110
00003119
00003133
00003135
00003147
00003155
00003156
00003159
00003160
00003161
00003163
00003171
00003175
00003178
00003180
00003201
00003203
00003210
00003214
00003219
00003220
00003222
00003229
00003232
00003234
00003237
00003246
00003248
00003250
00003252
00003257
00003258
00003259
00003261
00003263
00003264
00003271
00003277
00003283
00003292
00003293
00003307
00003310
00003315
00003329
00003344
00003355
00003357
00003365
00003366
00003367
00003383
00003390
00003403
00003404
00003407
00003414
00003424
00003430
00003431
00003443
00003445
00003479
00003480
00003483
00003488
00003489
00003507
00003510
00003515
00003516
00003518
00003554
00003560
00003564
00003569
00003581
00003597
00003599
00003616
00003627
00003630
00003637
00003655
00003659
00003811
00003881
00004005
00004012
00004027
00004032
00004036
00004043
00004058
00004068
00004085
00004095
00004116
00004141
00004145
00004148
00004158
00004159
00004160
00004173
00004175
00004181
00004212
00004226
00004235
00004238
00004240
00005013
00005024
00005036
00005055
00005072
00005081
00005082
00005085
00005092
00005094
00005122
00005128
00005135
00005148
00005151
00005160
00005166
00005167
00005171
00005190
00005199
00005208
00005211
00005216
00005217
00005237
00005254
00005262
00005263
00005280
00005287
00005292
00005311
00005313
00005319
00005321
00005328
00005336
00005347
00005348
00005352
00005370
00005415
00005420
00005440
00005449
00005453
00005458
00005459
00005461
00005539
00005552
00005555
00005580
00005583
00005589
00005597
00005604
00005607
00005611
00005613
00005635
00005642
00005652
00005662
00005664
00005673
00005674
00005733
00005736
00005740
00005746
00005749
00005758
00006046
00006065
00006067
00006074
00006076
00006077
00006084
00006086
00006089
00006091
00006092
00006096
00006097
00006103
00006105
00006108
00006121
00006127
00006133
00006139
00006143
00006148
00006151
00006155
00006159
00006162
00006163
00006167
00006171
00006178
00006180
00006181
00006184
00006187
00006194
00006197
00006207
00006211
00006218
00006229
00006231
00006235
00006237
00006239
00006250
00006256
00006295
00006299
00006319
00006323
00006331
00006334
00006345
00006349
00006387
00006403
00006407
00006411
00006414
00006424
00006437
00006443
00006444
00006456
00006479
00006488
00006491
00006492
00006496
00006506
00006507
00006528
00006535
00006545
00006549
00006550
00006551
00006557
00006562
00006563
00006564
00006568
00006574
00007003
00007004
00007006
00007008
00007009
00007011
00007016
00007022
00007024
00007029
00007031
00007036
00007039
00007047
00007051
00007053
00007056
00007062
00007064
00007072
00007080
00007087
00007091
00007096
00007098
00007099
00007104
00007108
00007119
00007124
00007130
00007142
00007148
00007152
00007156
00007161
00007167
00007168
00007171
00007172
00007176
00007180
00007185
00007202
00007203
00008013
00008059
00008084
00008091
00008095
00008099
00008120
00008129
00008134
00008139
00008145
00008147
00008150
00008155
00008161
00008162
00008172
00008186
00008198
00008204
00008209
00008217
00008219
00008230
00008241
00008249
00008254
00008256
00008281
00008288
00008289
00008290
00008291
00008296
00008306
00008313
00008317
00008321
00008323
00008334
00008339
00008347
00008356
00008359
00008361
00008364
00008367
00008374
00008375
00008376
00008379
00008384
00008403
00008410
00008411
00008412
00009002
00009022
00009049
00009092
00009112
00009115
00009116
00009122
00009124
00009125
00009134
00009138
00009164
00009166
00009169
00009191
00009199
00009204
00009207
00009213
00009215
00009216
00009217
00009223
00009226
00009235
00009237
00009253
00009256
00009264
00009279
00009282
00009283
00009286
00009290
00009294
00009298
00009302
00009304
00009306
00009312
00009316
00009319
00009323
00009324
00009326
00009329
00009331
00009333
00009335
00009337
00009341
00009342
00009343
00009344
00009345
00009356
00009370
00009371
00009380
00009383
00009384
00009385
00009396
00009397
00009401
00009403
00009404
00009406
00009415
00009417
00009419
00009422
00009427
00009429
00009499
00009503
00009511
00009520
00009521
00009522
00009523
00009546
00009547
00009560
00009563
00009566
00009568
00009588
00009978
00010002
00010006
00010010
00010021
00010024
00010044
00010048
00010058
00010059
00010060
00010062
00010066
00010071
00010073
00010075
00010078
00010100
00010108
00010110
00010111
00010112
00010120
00010122
00010126
00010127
00010132
00010133
00010134
00010137
00010139
00010144
00010148
00010150
00010168
00010172
00010174
00010176
00010177
00010184
00010194
00010198
00010202
00010205
00010209
00010211
00010215
00010219
00010220
00010223
00010225
00010232
00010233
00010240
00010251
00010259
00010266
00010276
00010279
00010298
00010301
00010305
00010306
00010308
00010317
00010328
00010329
00010331
00010338
00010341
00010343
00010349
00010357
00010369
00010378
00010379
00010380
00010384
00010385
00010387
00010392
00010394
00010396
00010400
00010402
00010404
00010407
00010411
00010414
00010423
00010428
00010430
00010441
00010444
00010453
00010455
00010460
00010461
00010468
00010475
00010478
00010488
00010489
00010505
00010507
00010511
00010524
00010532
00010539
00010548
00010549
00010554
00010557
00010566
00010567
00010570
00010571
00010573
00010583
00010584
00010585
00010586
00010587
00010589
00010591
00010594
00010595
00010608
00010620
00010623
00010625
00010632
00010641
00010644
00010653
00010660
00010688
00010693
00010694
00010701
00010713
00011056
00011061
00011306
00011308
00011309
00011312
00011332
00011334
00011335
00011337
00011352
00011353
00011357
00011364
00011365
00011368
00011369
00011372
00011374
00011384
00011386
00011390
00011411
00011412
00011414
00011415
00011473
00011487
00011491
00011496
00011499
00011500
00011502
00011524
00011526
00011527
00011534
00011536
00011538
00011542
00011544
00011545
00011551
00011555
00011558
00011563
00011571
00011575
00011590
00011619
00011622
00011623
00011628
00011634
00011637
00011639
00011675
00011676
00011807
00012010
00012014
00012018
00012022
00012040
00012043
00012059
00012061
00012092
00012098
00012123
00012125
00012127
00012129
00012136
00012189
00012202
00012222
00012244
00012279
00012305
00012315
00012320
00012346
00012354
00012383
00012401
00012402
00012412
00012415
00012417
00012430
00012476
00012498
00012511
00012554
00012611
00012613
00012614
00012651
00012652
00019008
00019049
00019063
00019087
00019088
00019092
00019108
00019111
00019115
00019121
00019122
00019123
00019127
00019128
00019135
00019143
00019153
00019158
00019159
00019167
00019169
00019170
00019190
00019197
00019235
00019313
00019382
00019383
00048002
00048006
00048011
00048029
00048030
00048038
00048043
00048056
00048058
00048069
00048071
00048075
00048079
00048085
00048088
00048089
00048090
00048091
00048097
00048099
00048110
00048123
00049001
00049014
00049030
00049047
00049052
00049055
00049058
00049070
00049090
00049094
00049095
00049099
00049103
00049114
00049120
00049123
00049127
00049129
00070002
00070011
00070025
00070027
00070036
00070043
00070066
00070072
00070085
00070098
00070102
00070118
00070120
00070121
00070129
00070139
00070147
00070152
00070158
00070163
00070167
00070169
00070176
00070200
00070205
00070206
00070207
00070209
00070211
00070212
00070215
00070221
00070227
00070230
00070238
00070242
00070246
00070250
00070252
00070270
00070271
00070274
00070284
00070291
00070295
00070298
00070299
00070302
00070309
00070311
00070328
00070331
00070334
00070339
00070340
00070345
00070361
00070362
00070366
00070374
00070376
00070377
00070378
00070382
00070390
00070393
00070394
00070399
00070408
00070410
00070414
00070421
00070442
00070444
00070458
00070459
00070466
00070486
00070494
00070499
00070509
00070512
00070517
00070531
00070533
00070540
00070549
00070559
00070566
00070569
00070574
00070575
00070579
00070583
00070586
00070587
00070589
00070596
00070597
00070601
00070605
00070609
00070611
00070614
00070615
00070617
00070620
00070623
00070624
00070629
00070827
00070850
00071018
00071067
00071077
00071086
00071090
00071092
00071096
00071126
00071139
00071140
00071146
00071153
00071168
00071186
00071193
00071199
00071239
00071241
00071245
00071258
00071268
00071277
00071288
00072002
00072004
00072007
00072008
00072039
00072055
00072076
00072083
00072090
00072096
00072098
00072104
00072106
00072109
00072110
00072113
00072130
00072155
00072156
00072172
00072179
00072188
00072192
00072198
00072239
00072269
00072281
00072285
00072327
00072423
00072450
00072454
00072459
00072481
00072508
00072510
00072518
00072559
00072566
00072569
00072577
00072585
00072588
00072592
00072603
00072610
00072623
00072625
00072649
00072654
00072660
00072661
00072668
00072682
00072696
00072716
00072738
00072739
00072744
00072748
00072752
00072753
00072760
00072761
00072818
00073110
00073190
00074362
00074410
00074413
00074416
00074425
00074428
00074431
00074434
00074438
00075006
00075058
00075074
00075079
00075106
00075108
00075119
00075121
00075128
00075151
00075156
00075158
00075168
00075169
00075176
00075190
00075196
00075198
00075200
00075201
00075202
00075203
00075208
00075209
00075210
00075211
00075217
00075221
00075225
00075227
00075235
00075236
00075238
00075239
00075241
00075254
00075257
00075259
00075263
00075265
00075266
00075271
00075273
00075280
00075284
00075290
00075291
00075292
00075293
00075297
00075300
00075301
00075303
00075306
00075309
00075314
00075317
00075320
00075326
00075328
00075333
00075336
00075337
00075339
00075343
00075361
00075382
00075387
00075388
00075389
00075394
00075403
00075421
00075427
00075428
00075450
00075453
00075463
00075477
00075500
00075501
00075503
00075505
00075511
00075512
00075518
00075521
00075527
00075530
00075536
00075540
00075543
00075561
00075573
00075576
00075579
00075607
00075624
00075631
00075635
00075643
00075645
00075646
00075648
00075656
00075658
00075664
00075674
00075678
00075682
00075683
00075684
00075697
00075699
00075710
00075716
00075718
00075719
00075720
00075727
00075728
00075740
00075744
00075749
00075751
00075752
00075758
00075761
00075772
00075776
00075780
00075783
00076008
00076089
00076099
00076112
00076130
00076136
00076139
00076145
00076159
00076165
00076180
00076190
00076217
00076243
00076253
00076255
00076256
00076263
00076264
00076270
00076275
00076284
00076295
00076318
00076320
00076321
00076345
00076360
00076363
00076364
00076367
00076406
00076408
00076416
00076417
00076421
00076423
00076454
00076456
00076461
00076462
00076466
00076470
00076486
00076489
00076490
00076491
00076492
00076499
00076500
00076504
00076512
00076519
00076550
00076553
00076556
00076557
00076566
00076574
00076594
00076597
00076601
00076603
00076611
00076614
00076620
00076627
00076628
00076634
00076638
00076640
00076642
00076644
00076646
00076648
00076649
00076650
00076651
00076652
00076653
00076661
00076663
00076664
00076665
00076668
00076669
00076671
00076674
00076675
00076685
00076688
00076690
00076695
00076697
00076701
00076702
00076705
00076706
00076708
00077112
00077115
00077116
00077124
00077130
00077132
00077152
00077156
00077159
00077166
00077189
00077193
00077197
00077201
00077209
00077210
00077212
00077217
00077223
00077242
00077246
00077250
00077259
00077266
00077276
00077285
00077288
00077292
00077298
00077311
00077327
00077339
00077340
00077348
00077362
00077370
00077397
00077407
00077409
00078011
00078013
00078017
00078021
00078050
00078053
00078054
00078055
00078078
00078082
00078087
00078106
00078109
00078111
00078130
00078132
00078135
00078138
00078141
00078142
00078160
00078164
00078173
00078182
00078196
00078205
00078225
00078231
00078234
00078235
00078252
00078261
00078275
00078277
00078334
00078343
00078345
00078391
00078393
00078394
00078404
00078410
00078499
00078502
00078507
00078509
00078510
00078512
00078513
00078515
00078519
00078568
00078596
00078613
00078614
00078620
00078801
00079001
00079006
00079011
00079051
00079324
00080113
00080118
00080148
00080157
00080160
00080172
00080174
00080196
00080197
00080198
00080218
00080220
00080222
00080224
00080230
00080236
00080405
00080424
00080442
00080592
00082010
00082013
00082026
00082033
00082034
00082039
00082060
00083061
00083137
00083150
00083157
00083183
00083236
00083249
00083262
00083266
00083288
00083314
00083340
00083348
00083350
00083369
00083372
00083374
00083378
00083385
00083395
00083409
00083411
00083415
00083437
00083441
00083454
00083459
00083481
00083486
00083497
00084004
00084008
00084009
00084019
00084026
00084029
00084031
00084034
00084037
00084039
00084043
00084064
00084078
00084091
00084108
00084157
00084165
00084173
00084185
00084192
00084200
00084215
00084245
00084279
00084295
00084302
00084312
00084315
00084321
00084342
00084343
00084344
00084346
00084347
00084351
00084354
00084398
00084399
00084400
00084401
00084446
00084447
00084448
00084449
00084452
00084454
00084803
00084824
00084827
00001534
00001608
00002007
00002010
00002021
00002034
00002090
00002103
00002126
00002226
00002229
00002269
00003001
00003017
00003056
00003059
00003076
00003088
00003113
00003120
00003136
00003150
00003157
00003169
00003207
00003218
00003225
00003245
00003247
00003291
00003334
00003341
00003360
00003405
00003527
00003577
00003579
00003602
00003603
00003625
00003669
00003801
00003821
00004033
00004034
00004071
00004090
00004102
00004105
00004107
00004179
00004197
00005033
00005052
00005063
00005074
00005105
00005132
00005202
00005239
00005250
00005277
00005358
00005383
00005403
00005507
00005529
00005600
00005759
00005765
00006049
00006053
00006058
00006060
00006116
00006128
00006134
00006141
00006175
00006190
00006259
00006329
00006373
00006473
00006485
00006573
00007012
00007015
00007020
00007033
00007034
00007041
00007060
00007066
00007076
00007093
00007102
00007112
00007133
00007174
00007187
00007190
00007197
00007200
00008097
00008182
00008184
00008188
00008194
00008233
00008246
00008251
00008326
00008389
00008582
00009053
00009079
00009127
00009189
00009285
00009297
00009301
00009309
00009355
00009372
00009390
00009436
00009577
00009803
00010015
00010031
00010042
00010103
00010117
00010138
00010175
00010204
00010216
00010221
00010231
00010246
00010257
00010264
00010277
00010287
00010292
00010310
00010315
00010323
00010342
00010416
00010424
00010432
00010476
00010497
00010503
00010509
00010519
00010556
00010651
00011048
00011327
00011350
00011351
00011370
00011379
00011385
00011556
00011574
00011592
00011620
00011626
00011801
00011805
00012115
00012239
00019016
00019039
00019050
00019106
00019114
00019118
00019154
00019172
00019183
00019185
00019381
00048021
00049017
00049048
00049053
00049054
00049093
00049110
00049125
00049126
00049128
00049149
00070021
00070031
00070091
00070117
00070135
00070150
00070153
00070156
00070175
00070180
00070213
00070217
00070248
00070275
00070288
00070292
00070293
00070348
00070363
00070403
00070522
00070557
00070584
00070616
00070619
00070801
00070842
00070844
00071044
00071068
00071085
00071104
00071109
00071131
00071165
00071185
00071260
00071267
00072043
00072064
00072095
00072102
00072144
00072148
00072162
00072191
00072246
00072427
00072519
00072721
00072729
00072731
00072745
00073186
00075033
00075110
00075111
00075150
00075219
00075222
00075267
00075274
00075286
00075287
00075288
00075289
00075296
00075299
00075311
00075332
00075348
00075359
00075367
00075368
00075402
00075469
00075480
00075491
00075497
00075520
00075547
00075552
00075553
00075605
00075608
00075615
00075619
00075627
00075676
00075687
00075692
00075782
00076007
00076075
00076076
00076141
00076147
00076176
00076289
00076317
00076324
00076325
00076351
00076355
00076483
00076494
00076495
00076518
00076520
00076533
00076584
00076596
00076602
00076619
00076654
00076655
00076656
00076673
00076676
00076692
00076696
00076700
00076704
00077140
00077146
00077164
00077179
00077231
00077245
00077260
00077270
00077329
00077336
00077801
00078004
00078016
00078052
00078092
00078144
00078146
00078163
00078165
00078188
00078191
00078202
00078218
00078229
00078501
00078503
00078504
00078529
00078563
00078590
00078611
00078623
00079244
00079261
00079335
00080165
00080204
00082023
00082025
00082046
00082050
00083063
00083110
00083161
00083174
00083202
00083207
00083214
00083260
00083286
00083318
00083323
00083338
00083460
00084011
00084119
00084129
00084179
00084213
00084233
00084243
00084299
00084336
00084453
00084822
