00001080
00001103
00001105
00001106
00001109
00001163
00001164
00001175
00001186
00001196
00001207
00001215
00001237
00001265
00001268
00001274
00001276
00001295
00001302
00001303
00001343
00001353
00001363
00001365
00001369
00001395
00001404
00001425
00001427
00001431
00001433
00001438
00001443
00001446
00001485
00001519
00001542
00001544
00001552
00001574
00001607
00001608
00001609
00001617
00001619
00001626
00001645
00001647
00001724
00001727
00001734
00001747
00001748
00001749
00001754
00001765
00001805
00001937
00001942
00002000
00002002
00002010
00002011
00002012
00002016
00002019
00002021
00002024
00002025
00002030
00002032
00002037
00002038
00002041
00002046
00002047
00002049
00002052
00002053
00002057
00002061
00002068
00002070
00002073
00002075
00002076
00002080
00002082
00002083
00002089
00002091
00002092
00002101
00002102
00002103
00002104
00002108
00002109
00002110
00002111
00002112
00002116
00002122
00002124
00002125
00002126
00002129
00002133
00002143
00002144
00002149
00002161
00002162
00002818
00003003
00003030
00003041
00003045
00003050
00003054
00003060
00003065
00003066
00003067
00003069
00003070
00003100
00003102
00003111
00003112
00003114
00003127
00003146
00003147
00003148
00003153
00003154
00003155
00003158
00003159
00003161
00003162
00003163
00003168
00003169
00003172
00003173
00003176
00003177
00003180
00003182
00003186
00003187
00003194
00003195
00003198
00003200
00003201
00003211
00003212
00003217
00003218
00003220
00003221
00003231
00003232
00003233
00003237
00003242
00003243
00003244
00003246
00003250
00003254
00003256
00003261
00003265
00003268
00003271
00003276
00003278
00003279
00003281
00004004
00004101
00004102
00004161
00004173
00004174
00004176
00004201
00004204
00004207
00004209
00004210
00004212
00004218
00004252
00005001
00005002
00005014
00005020
00005024
00005025
00005027
00005031
00005041
00005050
00005053
00005056
00005057
00005076
00005077
00005078
00005082
00005083
00005090
00005095
00005097
00005104
00005107
00005123
00005125
00005127
00005128
00005135
00005136
00005138
00005140
00005142
00005146
00005150
00005151
00006028
00006047
00006058
00006060
00006067
00006091
00006093
00007001
00007003
00007004
00007007
00007019
00007050
00007055
00008027
00008028
00008029
00008030
00008032
00008057
00008060
00008071
00008081
00008083
00008087
00008090
00008091
00008092
00008093
00008104
00008118
00008126
00008128
00008134
00008137
00008138
00008139
00008140
00008145
00009003
00009007
00009013
00009014
00009018
00009019
00009020
00009023
00009031
00009033
00009034
00009035
00009036
00009038
00009040
00009041
00009042
00009043
00009044
00009047
00009048
00009049
00009050
00009056
00009058
00009059
00009062
00009064
00009066
00009067
00009068
00009069
00009070
00009071
00009073
00009074
00009075
00009079
00009084
00009090
00009091
00009093
00009095
00009097
00009100
00009105
00009106
00009115
00009118
00009122
00009123
00009124
00009125
00009127
00009128
00009130
00009131
00009137
00009138
00009142
00009143
00009144
00009145
00009147
00009153
00009155
00009158
00009159
00009165
00009166
00009168
00009170
00009171
00009175
00009176
00009177
00009181
00009182
00009183
00009184
00009185
00009186
00009187
00009188
00009189
00009190
00009191
00009192
00009196
00009197
00009201
00009203
00009216
00009229
00009230
00009231
00009250
00009251
00009252
00009255
00009258
00009261
00009264
00009265
00009271
00009321
00009324
00009327
00009329
00010004
00010007
00010012
00010013
00010015
00010016
00010031
00010033
00010037
00010046
00010052
00010053
00010072
00010077
00010082
00010085
00010088
00010123
00010125
00001264
00001335
00001358
00001359
00001378
00001414
00001464
00001564
00002001
00002005
00002020
00002028
00002040
00002044
00002050
00002067
00002078
00002081
00002085
00002090
00002098
00002106
00002120
00002134
00003001
00003080
00003142
00003144
00003164
00003213
00003222
00003230
00003234
00003235
00003238
00003251
00003253
00003255
00003273
00004108
00004164
00004165
00004172
00004257
00005029
00005038
00005042
00005081
00005084
00005132
00005144
00005145
00006011
00007043
00007102
00008074
00008078
00008096
00009021
00009022
00009026
00009030
00009032
00009057
00009061
00009063
00009065
00009076
00009094
00009139
00009146
00009174
00009215
00009253
00009254
00009256
00009268
00009270
00009322
00010028
00010045
00010068
00010079
00010089
