2105
4110
5110
7105
8130
8140
8146
8155
12130
12140
13105
13125
13135
13146
14115
14120
15120
17110
17117
17123
17135
17144
17155
17162
17164
17168
18115
18125
18131
18150
18178
18180
19130
19160
19178
19180
21105
21120
21130
23103
23105
23134
23137
23150
23160
25191
30118
30120
30122
30124
30125
30128
30136
30145
30155
30165
30170
30175
31110
31115
31155
31160
31163
31165
31198
34160
38175
48125
48130
48185
48188
48192
55106
55140
55165
56140
56150
56164
57125
57130
57160
57165
57180
57190
58150
58175
59185
59195
60105
60110
60140
60150
60170
60190
