00002105
00004110
00005110
00007105
00008130
00008140
00008146
00008155
00012130
00012140
00013105
00013125
00013135
00014115
00014120
00015120
00017110
00017117
00017123
00017155
00017162
00018115
00018125
00018131
00018178
00018180
00019160
00019178
00019180
00021105
00021130
00023103
00023134
00023137
00023160
00025191
00030120
00030122
00030124
00030125
00030128
00030136
00030145
00030155
00030165
00030170
00030175
00031110
00031115
00031155
00031160
00031163
00031165
00031198
00034160
00038175
00048130
00048188
00048192
00055140
00055165
00056150
00056164
00057125
00057160
00057180
00057190
00058175
00059195
00060105
00060110
00060150
00060170
00060190
00013146
00017135
00017144
00017164
00017168
00018150
00019130
00021120
00023105
00023150
00030118
00048125
00048185
00055106
00056140
00057130
00057165
00058150
00059185
00060140
