3258310
3264500
3265005
3265010
3265050
3265070
3265100
3265300
3265600
3265601
3265700
3265810
3265815
3265910
3268100
3268210
3268270
3268310
3268500
3268900
3269300
3274030
3274050
3274080
3274100
3274120
3274130
3274140
3274800
3275010
3275100
3275130
3275140
3275150
3275200
3275210
3275250
3275270
3275280
3275290
3275400
3275450
3275500
3275700
3275750
3275800
3275880
3275910
3275950
3275990
3276100
3276150
3276200
3276300
3276320
3276800
3289050
3290500
3292100
