03258310
03264500
03265005
03265010
03265050
03265070
03265100
03265300
03265600
03265601
03265700
03265810
03265815
03268100
03268210
03268270
03268310
03268500
03268900
03274050
03274080
03274130
03274140
03274800
03275100
03275130
03275150
03275200
03275210
03275250
03275280
03275290
03275450
03275500
03275700
03275750
03275800
03275910
03275950
03275990
03276100
03276150
03276200
03276300
03276320
03276800
03289050
03290500
03292100
03265910
03269300
03274030
03274100
03274120
03275010
03275140
03275270
03275400
03275880
