03001
03002
03003
03004
03005
03006
03007
03008
03009
03010
03011
03012
03013
03014
03015
03016
03017
03018
03019
03020
03021
03022
03023
03024
03025
03026
03027
03028
03029
03030
03031
03032
03033
03034
03035
03036
03037
03038
03039
03040
03041
03042
03043
03044
03045
03046
03047
03048
03049
03050
03051
03052
03053
03054
03055
03056
03057
03058
03059
03060
03061
03062
03063
03064
03065
03066
03067
03068
03069
03070
03071
03072
03073
03074
03075
03076
03077
03078
03079
03080
03081
03082
03083
03084
03085
03086
03087
03088
03089
03090
03091
03092
03093
03094
03095
03096
03097
03098
03099
03100
03101
03102
03103
03104
03105
03106
03107
03108
03109
03110
04001
04002
04003
04004
04005
04006
04007
04008
04009
04010
04011
04012
04013
04014
04015
04016
04017
04018
04019
04020
04021
04022
04023
04024
04025
04026
04027
04028
04029
04030
04031
04032
04033
04034
04035
04036
04037
04038
04039
04040
04041
04042
04043
04044
04045
04046
04047
04048
04049
04050
04051
04052
04053
04054
04055
04056
04057
04058
04059
04060
04061
04062
04063
04064
05001
05002
05003
05004
05005
05006
05007
05008
05009
05010
05011
05012
05013
05014
05015
05016
05017
05018
05019
05020
05021
05022
05023
05024
05025
05026
05027
05028
05029
06001
06002
06003
06004
06005
06006
06007
06008
06009
06010
06011
07001
07002
07003
07004
07005
07006
07007
07008
07009
07010
07011
07012
07013
07014
07015
08001
08002
08003
08004
08005
08006
08007
08008
08009
08010
08011
08012
08013
08014
08015
08016
08017
08018
08019
08020
08021
08022
08023
08024
08025
08026
08027
08028
08029
08030
08031
08032
08033
08034
08035
08036
08037
08038
09001
09002
09003
09004
09005
09006
09007
09008
09009
09010
09011
09012
10001
10002
10003
10004
10005
10006
10007
10008
10009
10010
10011
10012
10013
10014
10015
10016
11001
11002
11003
11004
11005
11006
11007
11008
11009
11010
11011
12001
12002
12003
12004
12005
12006
12007
12008
12009
12010
12011
12012
12013
12014
12015
12016
12017
12018
12019
12020
12021
12022
12023
12024
12025
12026
12027
12028
12029
12030
12031
12032
12033
12034
12035
12036
12037
12038
12039
12040
12041
12042
12043
12044
12045
12046
12047
12048
12049
12050
12051
12052
13001
13002
13003
13004
13005
13006
13007
13008
13009
13010
13011
13012
13013
13014
13015
13016
13017
13018
13019
13020
13021
13022
13023
13024
13025
14001
14002
14003
14004
14005
14006
14007
14008
14009
14010
14011
14012
14013
14014
14015
14016
14017
15001
15002
15003
15004
15005
15006
15007
15008
15009
15010
15011
15012
15013
15014
15015
15016
15017
15018
15019
15020
15021
15022
15023
15024
15025
15026
15027
15028
15029
15030
15031
15032
16001
16002
16003
16004
16005
16006
16007
16008
16009
16010
16011
16012
16013
16014
16015
17001
17002
17003
17004
17005
17006
17007
17008
17009
17010
17011
17012
17013
17014
17015
17016
17017
17018
17019
17020
17021
17022
17023
17024
17025
