03002
03005
03008
03009
03013
03014
03017
03018
03019
03020
03024
03028
03029
03030
03031
03038
03040
03043
03045
03047
03048
03055
03056
03057
03064
03068
03069
03071
03072
03073
03074
03075
03076
03079
03081
03082
03083
03085
03087
03089
03091
03092
03094
03098
03099
03103
03105
03107
03109
03110
04003
04004
04005
04006
04007
04012
04013
04015
04016
04017
04018
04019
04021
04022
04023
04024
04025
04026
04028
04030
04031
04032
04038
04039
04040
04041
04044
04047
04048
04049
04050
04051
04054
04055
04056
04057
04060
04061
04062
04063
04064
05001
05002
05004
05005
05007
05008
05010
05012
05013
05014
05015
05017
05018
05021
05022
05023
05024
05025
05027
05028
05029
06001
06006
06007
06008
07001
07002
07005
07007
07008
07009
07011
07015
08001
08003
08005
08006
08009
08011
08013
08016
08020
08021
08023
08028
08029
08030
08031
08034
08035
08036
08038
09001
09002
09005
09008
09009
09011
09012
10004
10005
10008
10010
10011
10013
10014
11001
11005
11006
11007
11010
12001
12004
12006
12009
12012
12015
12016
12018
12020
12025
12026
12029
12035
12036
12038
12043
12044
12046
13004
13006
13007
13008
13010
13012
13013
13016
13017
13025
14001
14003
14004
14005
14008
14009
14011
14012
14014
14015
15001
15003
15005
15006
15007
15008
15009
15010
15011
15012
15013
15014
15016
15017
15018
15019
15020
15021
15022
15023
15024
15026
15030
15031
15032
16001
16004
16007
16012
16014
17001
17003
17005
17006
17007
17009
17011
17012
17015
17019
17022
17024
