00003002
00003005
00003008
00003009
00003013
00003014
00003017
00003018
00003019
00003020
00003024
00003028
00003029
00003030
00003031
00003038
00003040
00003043
00003045
00003047
00003048
00003056
00003057
00003064
00003068
00003069
00003071
00003072
00003073
00003074
00003075
00003079
00003081
00003082
00003083
00003085
00003087
00003089
00003092
00003094
00003098
00003099
00003103
00003107
00003109
00003110
00004003
00004004
00004005
00004006
00004007
00004012
00004013
00004015
00004016
00004017
00004018
00004019
00004021
00004022
00004023
00004024
00004025
00004026
00004030
00004032
00004038
00004039
00004040
00004041
00004047
00004048
00004049
00004050
00004051
00004054
00004055
00004056
00004060
00004062
00004063
00004064
00005002
00005004
00005005
00005007
00005010
00005012
00005013
00005014
00005015
00005017
00005018
00005022
00005023
00005025
00005028
00005029
00006006
00006007
00006008
00007001
00007005
00007007
00007008
00007009
00007011
00007015
00008001
00008003
00008005
00008006
00008009
00008011
00008013
00008020
00008021
00008023
00008028
00008029
00008030
00008031
00008034
00008035
00008036
00008038
00009001
00009002
00009005
00009008
00009009
00009011
00009012
00010004
00010008
00010010
00010011
00010013
00010014
00011001
00011006
00011007
00011010
00012001
00012004
00012006
00012009
00012012
00012015
00012016
00012018
00012020
00012026
00012029
00012035
00012036
00012038
00012043
00012044
00012046
00013004
00013006
00013007
00013008
00013010
00013012
00013013
00013016
00013017
00014001
00014003
00014004
00014005
00014011
00014012
00014014
00015003
00015006
00015007
00015008
00015009
00015010
00015013
00015016
00015017
00015018
00015019
00015020
00015022
00015023
00015024
00015026
00015030
00015031
00015032
00016004
00016007
00016012
00017001
00017003
00017005
00017006
00017007
00017009
00017011
00017012
00017015
00017019
00017022
00017024
00003055
00003076
00003091
00003105
00004028
00004031
00004044
00004057
00004061
00005001
00005008
00005021
00005024
00005027
00006001
00007002
00008016
00010005
00011005
00012025
00013025
00014008
00014009
00014015
00015001
00015005
00015011
00015012
00015014
00015021
00016001
00016014
