03002
03005
03008
03009
03013
03014
03017
03018
03019
03020
03024
03028
03029
03030
03031
03038
03040
03043
03045
03047
03048
03056
03057
03064
03068
03069
03071
03072
03073
03074
03075
03079
03081
03082
03083
03085
03087
03089
03092
03094
03098
03099
03103
03107
03109
03110
04003
04004
04005
04006
04007
04012
04013
04015
04016
04017
04018
04019
04021
04022
04023
04024
04025
04026
04030
04032
04038
04039
04040
04041
04047
04048
04049
04050
04051
04054
04055
04056
04060
04062
04063
04064
05002
05004
05005
05007
05010
05012
05013
05014
05015
05017
05018
05022
05023
05025
05028
05029
06006
06007
06008
07001
07005
07007
07008
07009
07011
07015
08001
08003
08005
08006
08009
08011
08013
08020
08021
08023
08028
08029
08030
08031
08034
08035
08036
08038
09001
09002
09005
09008
09009
09011
09012
10004
10008
10010
10011
10013
10014
11001
11006
11007
11010
12001
12004
12006
12009
12012
12015
12016
12018
12020
12026
12029
12035
12036
12038
12043
12044
12046
13004
13006
13007
13008
13010
13012
13013
13016
13017
14001
14003
14004
14005
14011
14012
14014
15003
15006
15007
15008
15009
15010
15013
15016
15017
15018
15019
15020
15022
15023
15024
15026
15030
15031
15032
16004
16007
16012
17001
17003
17005
17006
17007
17009
17011
17012
17015
17019
17022
17024
03055
03076
03091
03105
04028
04031
04044
04057
04061
05001
05008
05021
05024
05027
06001
07002
08016
10005
11005
12025
13025
14008
14009
14015
15001
15005
15011
15012
15014
15021
16001
16014
03001
03003
03004
03006
03007
03010
03011
03012
03015
03016
03021
03022
03023
03025
03026
03027
03032
03033
03034
03035
03036
03037
03039
03041
03042
03044
03046
03049
03050
03051
03052
03053
03054
03058
03059
03060
03061
03062
03063
03065
03066
03067
03070
03077
03078
03080
03084
03086
03088
03090
03093
03095
03096
03097
03100
03101
03102
03104
03106
03108
04001
04002
04008
04009
04010
04011
04014
04020
04027
04029
04033
04034
04035
04036
04037
04042
04043
04045
04046
04052
04053
04058
04059
05003
05006
05009
05011
05016
05019
05020
05026
06002
06003
06004
06005
06009
06010
06011
07003
07004
07006
07010
07012
07013
07014
08002
08004
08007
08008
08010
08012
08014
08015
08017
08018
08019
08022
08024
08025
08026
08027
08032
08033
08037
09003
09004
09006
09007
09010
10001
10002
10003
10006
10007
10009
10012
10015
10016
11002
11003
11004
11008
11009
11011
12002
12003
12005
12007
12008
12010
12011
12013
12014
12017
12019
12021
12022
12023
12024
12027
12028
12030
12031
12032
12033
12034
12037
12039
12040
12041
12042
12045
12047
12048
12049
12050
12051
12052
13001
13002
13003
13005
13009
13011
13014
13015
13018
13019
13020
13021
13022
13023
13024
14002
14006
14007
14010
14013
14016
14017
15002
15004
15015
15025
15027
15028
15029
16002
16003
16005
16006
16008
16009
16010
16011
16013
16015
17002
17004
17008
17010
17013
17014
17016
17017
17018
17020
17021
17023
17025
