896
905
907
908
923
924
929
930
931
933
935
937
938
939
941
943
946
949
951
952
956
958
961
964
969
970
972
976
977
980
981
984
985
987
988
989
992
996
1000
1003
1008
1009
1012
1013
1014
1015
1018
1019
1020
1021
1022
1024
1025
1029
1030
1035
1041
1043
1044
1045
1046
1047
1048
1050
1052
1053
1055
1056
1057
1058
1060
1076
1078
1079
1080
1081
1083
1084
1085
1086
1087
1088
1089
1090
1091
1095
1097
1098
1100
1101
1103
1104
1105
1106
1107
1109
1110
1111
1112
1113
1114
1116
1117
1119
1120
1122
1123
1124
1125
1127
1131
1136
1137
1138
1139
1140
1141
1147
1148
1155
1156
1157
1158
1159
1160
1163
1166
1168
1171
1174
1178
1180
1181-3743
1183
1185
1186
1187
1188
1190-1191
1197
1200
1201
1203
1204
1209
1210-2685-2687
1213
1214
1215
1217
1218
1221
1222
1223
1225
1227
1228
1229
1230
1231
1232
1235
1237
1239
1241
1242
1243
1247-3239
1248
1250
1252
1253
1255
1256
1259
1262
1263
1264
1265
1268
1269
1270
1271
1272
1280
1283
1286
1287
1289
1293
1296
1301
1303
1305
1307
1308
1310
1312
1313
1314
1315
1316
1317
1318
1323
1326
1328
1330
1331
1332
1336
1337
1338
1339
1340
1341
1346
1347
1349
1351
1352-1358
1353
1354
1355
1356
1357
1366
1369
1370
1372
1373
1374
1376
1377
1379
1382
1383
1386
1387
1388
1390
1396
1399
1400
1401
1403
1411
1413
1414
1415
1417
1419
1421
1423
1425
1427
2588
2589
2641
2642
2643
2645
2646
2687-3160
2697
2708
2716
2719
2726
2739
2740
2954
2981
2987
3004
3006
3018
3033
3044
3073
3086-3216
3096
3155
3214
3218
3236
3237
3238
3257
3260
3264
3265
3308
3324
3334
3335
3394
3406
3499
3524
3532
3536
3538
3542
3543
3544
3551
3558
3568
3581
3602
3605
3607
3678
3719
3727
3728
3850
3907
3975