00000896
00000905
00000907
00000908
00000923
00000924
00000929
00000930
00000931
00000933
00000935
00000937
00000938
00000941
00000943
00000946
00000949
00000951
00000952
00000956
00000961
00000964
00000972
00000976
00000977
00000981
00000984
00000987
00000988
00000989
00000992
00000996
00001000
00001003
00001009
00001012
00001013
00001014
00001015
00001019
00001020
00001021
00001022
00001024
00001025
00001029
00001030
00001035
00001041
00001043
00001044
00001045
00001046
00001047
00001048
00001050
00001052
00001053
00001055
00001056
00001058
00001076
00001078
00001079
00001080
00001081
00001084
00001085
00001086
00001088
00001089
00001090
00001091
00001097
00001100
00001101
00001103
00001105
00001106
00001107
00001109
00001111
00001112
00001113
00001114
00001116
00001119
00001122
00001123
00001125
00001131
00001136
00001138
00001139
00001140
00001141
00001148
00001155
00001156
00001157
00001158
00001159
00001160
00001163
00001166
00001168
00001171
00001174
00001178
00001183
00001185
00001186
00001187
00001188
00001197
00001200
00001201
00001203
00001204
00001209
00001213
00001214
00001215
00001217
00001218
00001222
00001223
00001225
00001227
00001228
00001229
00001231
00001232
00001235
00001237
00001239
00001241
00001242
00001243
00001248
00001250
00001252
00001255
00001256
00001259
00001262
00001263
00001264
00001265
00001268
00001269
00001270
00001271
00001272
00001280
00001283
00001286
00001287
00001289
00001296
00001301
00001303
00001305
00001310
00001312
00001313
00001316
00001318
00001323
00001326
00001328
00001330
00001336
00001338
00001339
00001340
00001341
00001346
00001349
00001351
00001353
00001354
00001355
00001356
00001366
00001370
00001373
00001374
00001376
00001377
00001379
00001382
00001383
00001386
00001387
00001388
00001390
00001399
00001400
00001401
00001403
00001411
00001413
00001414
00001417
00001421
00001425
00001427
00002588
00002589
00002641
00002642
00002643
00002645
00002646
00002697
00002708
00002716
00002719
00002726
00002739
00002740
00002954
00002981
00002987
00003006
00003018
00003033
00003044
00003073
00003155
00003214
00003218
00003236
00003237
00003238
00003257
00003260
00003264
00003265
00003308
00003324
00003334
00003335
00003394
00003406
00003524
00003532
00003538
00003542
00003543
00003544
00003551
00003558
00003568
00003581
00003607
00003678
00003719
00003727
00003728
00003850
00003907
00003975
1181-3743
1190-1191
1210-2685-2687
1247-3239
1352-1358
2687-3160
00000939
00000958
00000969
00000970
00000980
00000985
00001008
00001018
00001057
00001060
00001083
00001087
00001095
00001098
00001104
00001110
00001117
00001120
00001124
00001127
00001137
00001147
00001180
00001221
00001230
00001253
00001293
00001307
00001308
00001314
00001315
00001317
00001331
00001332
00001337
00001347
00001357
00001369
00001372
00001396
00001415
00001419
00001423
00003004
00003096
00003499
00003536
00003602
00003605
3086-3216
