00000070
00000078
00000155
00000185
00000308
00000352
00000403
00000488
00000491
00002009
00002011
00002016
00002018
00002020
00002024
00002029
00002030
00002033
00002034
00002044
00002056
00002063
00002084
00002085
00002086
00002091
00002099
00002104
00002105
00002106
00002109
00002112
00002117
00002122
00002125
00002126
00002132
00002135
00002141
00002143
00002150
00002151
00002152
00002155
00002159
00002160
00002161
00002167
00002170
00002174
00002176
00002179
00002181
00002185
00002187
00002199
00002200
00002202
00002203
00002206
00002215
00002219
00002239
00002243
00002247
00002251
00002252
00002262
00002263
00002265
00002268
00002276
00002283
00002288
00002289
00002299
00002300
00002303
00002304
00002307
00002308
00002312
00002319
00002321
00002342
00002346
00002347
00002351
00002355
00002356
00002366
00002368
00002369
00002370
00002372
00002374
00002378
00002386
00002387
00002403
00002410
00002412
00002415
00002416
00002417
00002419
00002420
00002426
00002430
00002433
00002436
00002437
00002450
00002457
00002458
00002461
00002468
00002471
00002473
00002474
00002475
00002477
00002480
00002481
00002485
00002486
00002487
00002488
00002493
00002494
00002497
00002500
00002602
00002603
00002604
00002605
00002606
00002607
00002609
00002610
00002612
00002617
00002620
00002629
00002630
00002631
00002634
00002635
00002640
00002646
00002019
00002053
00002070
00002078
00002087
00002102
00002110
00002119
00002139
00002205
00002210
00002232
00002244
00002256
00002269
00002282
00002290
00002305
00002327
00002343
00002349
00002352
00002364
00002371
00002409
00002414
00002418
00002432
00002434
00002478
00002490
00002491
00002498
00002608
