01011000
01017000
01017060
01017290
01017960
01018000
01018009
01019000
01021200
01027200
01029200
01029500
01030500
01031450
01031500
01031510
01037380
01042500
01044550
01047150
01047200
01054200
01054300
01055000
01064801
01067950
01069500
01069700
01072800
01073000
01073500
01073785
01074520
01076000
01076500
01078000
01081000
01081500
01082000
01085500
01086000
01089100
01089500
01091000
01092000
01093852
01094000
01096000
01096500
01097000
01097300
01098530
01099500
01100000
01100505
01100600
01101000
01101500
01103455
01105880
01108410
01109000
01109060
01109403
01109730
01110000
01111212
01111500
01115770
01117370
01117468
01118300
01119500
01121000
01122000
01123000
01125000
01125100
01125500
01127000
01129200
01133000
01134500
01135500
01139800
01142500
01150900
01151500
01152500
01153550
01154500
01155500
01158000
01160350
01161000
01162000
01163200
01166500
01169000
01169900
01170000
01170500
01171500
01173000
01174565
01183500
01184000
01184100
01185500
01186000
01186500
01187300
01188000
01188090
01189000
01189995
01192500
01193500
01194000
01195490
01196500
01196561
01196620
01198000
01198125
01203805
01208990
01331500
01333000
01382170
01382500
01396091
01396190
01407290
01409000
01409280
01432110
01439800
01449800
01451000
01451800
01455500
01460880
01461300
01466900
01468500
01470500
01470779
01470960
01471510
01472000
01473500
01475850
01477800
01478000
01478120
01479000
01480000
01480015
01480300
01480400
01480500
01480675
01480700
01480870
01481000
01483155
01483200
01484525
01486500
01488500
01491500
01493000
01494150
01534500
01534860
01555000
01555500
01564500
01566000
01567500
01573825
01581752
01581920
01582000
01589000
01589100
01589197
01589290
01589305
01589317
01589352
01594526
01599000
01601000
01601500
01603000
01605500
01606000
01607500
01608000
01608500
01609000
01610000
01610155
01611500
01613000
01613050
01613525
01613900
01614000
01614500
01617000
01617800
01618000
01619500
01621050
01622000
01625000
01626000
01626850
01627500
01628500
01629500
01631000
01632000
01632900
01634500
01635500
01636316
01636500
01636690
01637500
01638350
01638420
01639000
01639500
01642190
01642438
01643000
01643395
01643500
01643805
01643880
01644280
01644371
01644375
01645000
01645704
01645762
01646000
01646305
01646500
01647850
01648000
01649150
01649500
01650500
01651800
01656000
01656903
01658000
01658500
01659500
01660000
01660400
01660920
01661050
01661500
01662800
01664000
01667500
01668000
01669520
01671020
01671100
01672500
01673000
01673550
01673800
01674000
01674500
02011400
02011460
02011490
02011500
02011800
02013000
02013100
02015700
02016000
02016500
02017500
02018000
02018500
02019500
02020500
02022500
02024000
02024752
02025500
02026000
02027000
02027500
02030000
02030500
02031000
02032640
02034000
02035000
02036500
02037500
02038850
02039500
02040000
02041000
02042500
02044500
02045500
02046000
02047000
02047500
02049500
02051000
02051500
02052000
02054500
02054530
02055000
02056000
02056650
02058400
02061500
02066000
02068500
02069000
02069700
02070000
02070500
02071530
02091814
02093000
02104220
02105500
02152474
02153200
02157470
02157490
02167450
02191300
02196835
02201230
02203700
02205522
02207120
02207220
02207335
02207400
02207418
02207435
02208050
02208130
02208150
02215000
02217274
02217297
02218565
02224500
02224940
02231000
02231342
02231396
02232400
02232500
02235200
02236500
02244440
02245260
02245500
02246459
02247222
02251000
02266200
02268390
02269520
02270000
02270500
02271500
02274005
02274010
02274325
02291580
02293055
02293090
02294161
02294217
02294290
02294330
02295013
02296500
02297100
02297105
02298110
02298202
02298880
02300042
02301900
02302010
02302500
02303000
02303205
02303330
02303350
02303420
02303800
02304500
02304510
02306500
02306647
02306774
02307000
02307323
02307359
02307668
02322698
02322700
02325000
02328522
02334578
02334620
02341910
02342070
02342500
02343801
02343940
02365470
02365769
02366996
02371500
02372250
02374500
02374745
02374950
02388900
02388975
02391540
02391840
02392360
02392780
02392950
02392975
02393419
02399200
02400100
02400680
02401000
02401390
02404400
02405500
02408540
02411930
02412000
02413210
02413300
02414500
02415000
02418760
02419000
02419890
02421000
02422500
02423130
02423380
02423397
02423400
02423414
02423425
02423496
02423500
02423555
02423630
02424000
02425000
02427250
02442500
02444160
02447025
02448900
02449882
02450000
02450250
02450825
02453000
02454055
02455000
02455185
02455980
02456000
02456500
02457000
02458300
02458600
02461500
02462000
02464146
02465000
02465292
02465493
02466030
02467500
02469761
02469800
02470072
02471078
02479560
02479945
03010655
03011800
03021350
03022540
03031500
03032500
03034000
03034500
03036500
03038000
03040000
03041029
03041500
03042000
03042280
03042500
03047000
03048500
03049000
03049500
03050000
03051000
03052000
03052500
03053500
03054500
03056250
03058000
03061000
03061500
03062500
03065000
03065400
03066000
03067510
03069500
03070500
03072000
03075905
03076600
03085500
03090500
03091500
03093000
03095500
03098600
03101500
03102500
03105500
03106000
03106300
03107500
03109500
03110830
03111500
03115400
03117000
03118000
03124500
03129000
03140500
03142000
03144000
03145483
03146500
03149500
03151400
03155000
03157000
03157500
03158200
03159246
03159540
03164000
03165000
03165500
03167000
03168000
03170000
03171000
03173000
03175500
03176500
03179000
03182500
03183500
03185000
03185400
03187500
03189100
03190400
03191500
03192000
03194700
03197000
03198350
03201405
03201902
03202000
03202750
03203600
03205470
03206600
03207800
03208500
03209000
03212750
03212980
03214500
03219500
03220000
03221000
03223425
03225500
03226800
03227500
03228300
03228500
03228750
03228805
03229500
03229610
03229796
03230450
03230500
03230800
03231500
03232500
03234300
03237255
03237280
03237500
03241500
03244936
03260706
03261500
03261950
03262000
03262700
03264000
03265000
03266000
03266560
03269500
03270000
03271000
03271300
03271601
03272000
03272700
03288100
03288200
03297900
03320000
03426470
03431599
03432100
03456100
03466208
03467609
03471500
03473000
03474000
03475000
03478400
03491544
03508050
03510577
03518500
03524000
03527000
03527220
03535000
03535400
03539778
03539800
03565500
03566525
03574500
03575100
03578000
03578500
03584600
03586500
03596000
03597860
03601630
03601990
04015330
04021520
04024000
04024430
04072845
04073468
04073473
04073970
04080000
04081000
04082400
04188337
04188400
04188433
04188496
04189000
04191500
04192500
04201500
04202000
04206043
04206212
04206220
04207200
04213000
04282000
04282500
04282795
04282813
04285500
04286000
04287000
04288000
04288225
04289000
04290335
04290500
04292000
04292770
04292810
04296500
05046000
05051300
05051500
05051522
05051600
05053000
05054000
05055300
05058000
05058500
05058700
05059000
05059700
05060100
05060500
05063398
05066500
05069000
05074500
05075000
05076000
05080000
05082625
05084000
05085000
05087500
05090000
05094000
05099400
05101000
05116500
05120500
05123400
05124480
05127500
05129115
05131500
05132000
05200510
05211000
05212700
05242300
05243725
05244000
05245100
05247500
05267000
05270500
05270700
05275000
05280000
05287890
05288580
05289800
05292000
05293000
05294000
05304500
05313500
05315000
05316500
05316580
05317200
05319500
05320000
05327000
05330920
05336700
05338500
05345000
05353800
05357335
05379400
05383075
05383950
05385000
05387440
05387500
05389000
05389400
05393500
05407470
05411850
05412400
05418400
05421740
05422000
05422560
05422600
05432695
05438283
05449500
05455100
05455500
05455700
05457000
05457700
05458500
05459500
05462000
05463000
05463500
05473450
05476500
05479000
05480500
05481000
05481300
05482300
05483450
05484000
05484800
05484900
05485500
05485605
05485640
05486000
05486490
05487470
05488110
05488200
05488500
05489500
05490500
05495000
05496000
05497150
05498150
05498700
05500000
05501000
05502300
05503800
05506100
05506800
05507800
05508000
05508805
05514500
06006000
06012500
06016000
06017000
06018500
06019500
06020600
06024450
06024540
06025500
06026210
06026420
06026500
06035000
06036650
06038500
06038800
06040800
06041000
06048700
06054500
06061500
06062500
06065500
06066500
06071300
06076690
06077200
06077500
06085800
06088500
06091700
06098500
06099000
06099500
06102050
06119600
06131000
06133500
06186500
06192500
06200000
06204050
06204070
06205000
06209500
06211500
06221400
06224000
06228350
06236100
06259000
06265337
06274300
06276500
06278300
06278500
06279500
06289600
06289820
06294000
06295113
06298000
06299980
06305700
06306200
06306300
06307600
06307616
06307740
06309200
06311000
06313500
06313590
06316400
06317000
06317020
06320000
06324000
06329597
06332515
06332523
06332770
06335500
06336000
06336600
06339100
06339500
06340000
06340500
06342260
06343000
06344600
06345500
06345780
06347000
06347500
06348300
06349000
06349600
06350000
06351200
06352000
06353000
06354000
06354580
06355500
06356500
06357800
06359500
06360500
06365900
06386500
06392900
06392950
06395000
06400000
06402430
06402500
06402600
06403700
06404000
06408650
06408700
06409000
06422500
06425100
06425500
06426130
06426160
06426500
06428200
06428500
06429500
06429905
06430500
06430770
06430800
06430850
06431500
06433000
06436190
06436198
06436760
06437020
06438000
06440200
06441500
06445685
06446000
06446500
06446700
06447000
06447230
06447450
06447500
06448000
06449000
06449100
06449500
06450500
06452000
06453600
06463500
06464100
06464500
06465500
06465700
06466500
06468170
06468250
06469400
06470800
06471200
06476000
06477500
06478600
06479010
06479215
06480000
06481000
06481480
06481500
06482020
06483290
06483500
06485500
06600100
06600500
06601000
06605000
06605850
06606600
06607200
06608500
06609500
06614800
06620000
06623800
06628900
06630000
06635000
06639000
06647500
06659502
06659580
06661000
06661585
06664400
06665790
06700000
06709000
06710247
06710385
06710605
06720990
06721000
06746110
06751490
06755960
06759500
06762500
06769000
06769525
06773500
06775500
06784000
06785000
06790500
06795500
06799000
06799100
06799315
06799350
06799445
06799500
06800000
06800500
06803000
06803080
06803170
06803486
06803495
06803500
06803520
06803530
06803555
06804000
06804700
06806500
06807410
06808500
06809210
06809500
06810000
06811500
06813000
06814000
06814500
06815000
06819185
06820410
06820500
06821500
06827500
06828500
06834000
06835500
06836500
06837000
06843500
06845110
06846000
06847500
06847900
06848500
06853800
06860000
06861000
06862700
06863000
06863500
06864050
06864500
06866500
06867000
06868200
06869500
06871000
06873000
06873460
06874000
06875900
06876700
06878000
06880800
06881000
06881380
06882000
06882510
06883000
06884000
06884025
06884200
06884400
06889200
06889500
06890100
06890900
06891260
06892000
06892360
06893620
06894200
06895000
06896000
06897000
06897500
06898000
06899700
06901500
06902000
06903700
06903900
06904010
06904500
06905500
06906000
06906150
06906200
06906300
06906800
06907700
06908000
06909500
06910230
06910750
06910800
06911000
06911490
06913500
06914100
06914950
06914990
06915000
06915800
06916600
06917060
06917240
06917560
06917630
06918060
06918440
06918493
06919020
06919500
06920580
06921070
06921200
06921350
06921590
06921720
06923250
06923940
06923950
06927240
06928000
06928300
06930000
06932000
06933500
06934000
06935755
06935770
06935830
06935890
06935955
06935997
07001910
07001985
07005000
07010030
07010055
07010061
07010070
07010075
07010082
07010086
07010090
07010180
07010208
07010350
07013000
07014000
07015720
07016500
07017200
07019000
07019072
07019120
07019150
07019175
07019220
07019317
07020550
07021000
07024000
07024200
07025400
07027720
07028960
07029500
07030050
07030392
07030500
07035000
07035800
07037500
07040000
07047800
07048700
07050152
07050690
07052000
07052100
07052120
07052152
07052250
07052345
07052500
07052820
07053810
07054080
07055646
07055875
07056000
07056515
07056700
07057500
07061270
07061500
07061600
07061900
07062575
07063000
07065200
07066000
07068000
07071500
07074420
07076517
07077700
07079300
07081200
07087050
07099215
07103990
07105600
07140850
07141175
07141200
07141780
07141900
07142020
07142575
07143300
07143672
07144100
07144200
07144480
07144485
07144795
07144910
07145200
07145500
07147070
07147800
07148400
07151500
07152000
07153000
07154500
07157500
07157950
07167500
07169500
07169800
07170990
07176950
07177500
07184000
07185000
07185700
07185765
07188653
07189100
07191222
07203000
07206000
07207000
07207500
07211500
07215500
07216500
07218000
07227000
07227100
07227500
07230000
07230500
07233500
07233650
07234000
07235000
07237500
07238000
07239450
07239500
07239700
07241000
07241520
07241550
07241800
07242000
07242380
07243500
07247250
07249800
07257500
07258500
07263012
07281600
07281960
07281977
07287150
07289730
07295500
07297910
07299540
07299890
07300000
07300500
07301300
07301420
07303000
07303400
07305000
07307028
07307800
07308200
07311800
07311900
07312100
07312200
07312500
07312700
07314900
07315700
07316500
07324400
07325000
07325800
07325840
07325860
07327442
07327447
07327550
07328100
07328500
07331295
07331300
07332500
07332620
07335000
07335700
07337900
07338500
07338750
07339000
07342465
07342500
07343200
07343450
07346045
07348700
07351500
07360200
07362100
07362500
07362587
07363200
07372050
07372200
07373000
07375280
07375800
07375960
07376500
07377000
07377500
07378000
07378500
07380120
07381450
07382000
07382500
07386980
08012150
08013000
08013500
08014500
08014800
08015500
08017200
08019200
08020000
08020450
08020900
08022040
08023080
08023400
08025500
08026000
08028000
08028500
08029500
08030500
08032000
08033500
08034500
08041000
08041500
08041700
08041749
08041780
08042800
08044500
08044800
08047000
08049700
08050100
08050800
08051500
08052745
08052780
08053000
08053009
08055000
08059350
08061540
08061551
08062000
08062500
08062800
08063048
08063100
08063800
08064700
08065800
08066170
08066250
08066300
08067650
08068000
08068090
08068275
08068390
08068400
08068450
08070500
08071000
08071280
08074020
08075605
08082000
08082500
08082700
08083230
08083420
08084000
08084800
08085500
08086290
08091500
08092000
08093360
08095000
08095300
08098300
08099100
08099300
08099500
08100000
08101000
08102500
08103800
08103900
08104100
08104500
08104700
08105095
08105700
08106350
08106500
08110325
08111700
08115000
08116400
08117500
08120500
08121000
08123800
08123850
08124000
08126380
08127000
08128000
08134250
08136000
08136500
08143600
08144500
08145000
08146000
08150000
08150700
08151500
08152000
08153500
08154700
08158035
08158045
08158380
08158600
08158819
08158840
08158860
08158920
08158930
08158970
08159000
08160800
08164390
08164450
08164503
08164504
08164800
08166140
08167000
08167500
08180700
08181400
08181480
08181500
08181800
08183200
08183500
08183890
08185000
08185065
08185100
08185500
08186000
08188500
08188570
08188800
08189200
08189700
08192000
08193000
08194000
08194500
08197500
08200720
08204005
08205500
08206600
08206700
08206910
08207500
08208000
08210000
08211000
08211520
08211900
08252500
08253000
08253500
08254000
08255500
08261000
08263500
08265000
08266820
08267500
08269000
08271000
08275500
08276300
08276500
08277470
08279500
08284100
08285500
08286500
08287000
08289000
08290000
08291000
08294195
08294210
08302500
08313000
08315480
08316000
08317200
08317400
08317950
08319000
08324000
08329700
08329840
08329918
08329928
08334000
08340500
08343000
08353000
08377900
08378500
08379500
08380500
08382500
08382650
08382830
08383500
08384500
08385522
08385630
08386000
08386505
08387000
08390500
08390800
08393610
08394024
08394033
08395500
08397600
08397620
08398500
08400000
08401200
08401900
08405105
08405150
08405500
08433000
08447020
08477110
08481500
09010500
09019500
09022000
09024000
09034900
09041090
09047700
09065500
09066000
09073005
09073300
09073400
09074000
09080400
09081000
09081600
09132985
09132995
09143000
09168730
09169500
09183500
09188500
09196500
09220000
09223000
09224700
09229500
09234500
09244490
09246200
09246500
09258980
09306224
09329050
09346400
09352900
09353800
09354500
09358000
09358550
09359010
09359020
09363500
09364010
09364500
09365000
09367500
09368000
09370600
09371000
09371010
09371492
09371520
09372000
09386900
09386950
09408195
09415460
09418500
09430500
09430600
09444000
10028500
10105900
10126000
10129900
10149000
10149400
10155500
10157500
10171000
10172952
10183500
10189000
10194200
10205030
10217000
10219000
10224000
10234500
10237000
10242000
10243700
10244950
10251300
10260470
10260480
10260500
10260865
10260950
10289500
10290500
10291500
10293000
10293048
10293500
10296000
10296500
10308783
103087891
10309000
10310500
10313400
10316500
10321000
10321590
10321950
10322000
10327500
10329000
10329500
10353800
10735562
10965852
11027000
11044800
11045300
11046300
11046530
11048200
11048553
11051499
11058000
11070365
11070465
11073300
11078000
11092450
11105510
11109000
11113000
11140000
11140585
11153650
11154700
11162620
11167800
11169025
11172175
11173510
11173575
11174000
11176900
11204100
11255575
11261500
11264500
11274538
11335655
11336585
11449500
11451000
11451715
11466170
11466200
11466320
11466800
11467200
11472160
11473900
11522500
11525630
12024400
12039005
12058790
12097500
12105900
12116400
12143700
12155300
12158010
12158040
12175500
12323670
12323710
12332000
12344000
12353000
12354000
12358500
12359800
12374250
12375900
12377150
12381400
12390700
12409000
12413125
12413130
12434590
12456500
12458000
13016450
13018350
13055250
13161500
13181000
13183000
13215000
13217500
13233300
13265500
13307000
13309220
13310199
13316500
13333000
14018500
14020000
14046890
14111400
14113000
14138720
14138850
14140000
14142500
14142800
14194150
14198400
14200000
14201300
14202000
14203500
14206900
14206950
14207500
14211010
14211315
14211400
14211499
14216000
14220500
14222500
14231000
14242580
14299800
14302480
14319830
14320934
14354200
209553650
209722970
214253361
214657975
242354750
34991105
35351830
385106106571000
393109104464500
394308105413800
394839104570300
402913084285400
40851325
73274406
01031300
01046000
01046500
01048220
01052500
01059000
01068910
01073319
01073587
01075000
01077400
01100561
01100627
01103280
01108000
01109070
01111300
01115630
01117800
01122500
01127500
01130000
01135150
01139000
01144000
01154000
01162500
01168500
01170100
01172500
01173500
01181000
01192883
01197000
01197500
01208950
01406050
01469500
01471000
01476480
01477000
01478245
01478650
01479820
01480617
01480638
01480685
01483700
01484085
01492500
01493500
01518700
01518862
01520000
01553700
01581700
01581757
01585500
01589300
01589312
01589330
01589440
01604500
01606500
01613095
01615000
01616100
01616500
01619000
01620500
01632082
01633000
01634000
01638480
01638500
01643590
01649190
01650800
01651000
01652500
01653000
01653600
01654000
01659000
01663500
01665500
01666500
01669000
01670400
01671025
02011470
02014000
02021500
02024915
02028500
02029000
02032250
02039000
02041650
02060500
02062500
02074500
02075045
02075500
02077000
02097280
02098198
02118500
02163001
02171700
02203655
02207185
02207385
02207448
02228500
02231600
02232000
02232155
02232200
02246000
02277600
02291500
02292900
02294491
02296260
02296750
02303400
02322800
02341725
02342850
02343225
02373000
02390000
02407514
02413000
02414715
02418230
02420000
02438000
02443500
02446500
02450180
02457595
02458450
02464000
02471001
02476500
03015500
03026500
03028000
03045000
03049800
03058500
03068800
03069870
03078000
03094000
03099500
03102850
03106500
03108000
03110000
03114500
03115973
03116077
03118500
03139000
03140000
03141870
03150000
03159500
03161000
03177710
03180500
03184000
03186500
03193000
03198500
03200500
03201980
03202400
03208950
03232000
03247500
03259000
03263000
03267000
03267900
03274000
03297800
03312259
03505550
03539600
03566000
03576250
03582000
03602500
03606500
04084445
04200500
04213075
05014500
05017500
05050000
05052500
05054500
05055400
05064000
05078000
05078230
05079000
05085450
05104500
05286000
05288705
05290000
05291000
05311000
05317000
05320270
05320500
05330000
05331833
05342000
05355200
05385500
05388250
05408000
05412500
05420680
05421000
05424000
05432927
05458300
05458900
05476750
05482500
05483600
05484500
05484650
05487980
05489000
05494300
05506350
05507600
06025250
06033000
06052500
06089000
06093200
06102500
06120500
06123030
06177500
06187915
06195600
06207500
06208500
06211000
06235500
06253000
06285100
06289000
06306250
06307500
06308500
06311400
06320500
06323000
06331000
06334500
06337000
06342450
06348500
06400875
06401500
06402000
06403300
06406000
06423500
06425720
06430532
06436000
06436180
06437000
06452320
06461500
06475000
06477000
06478690
06479438
06479500
06479525
06479770
06482000
06482610
06600900
06607500
06610732
06622700
06622900
06625000
06627800
06657000
06670500
06696980
06701620
06701900
06708800
06751150
06772100
06772775
06772898
06786000
06793000
06794000
06794650
06797500
06803093
06803510
06803513
06821080
06821150
06821190
06823500
06827000
06838000
06844500
06846500
06862850
06865500
06866900
06869950
06870300
06871500
06872500
06887000
06891500
06891810
06892495
06892513
06893578
06893970
06894000
06899500
06900050
06903400
06904050
06911900
06912500
06913000
06917000
06917500
06918070
06918460
06918740
06919900
06926000
06927000
06928420
06930060
06935850
06935980
06936475
07010022
07010035
07010094
07010097
07018100
07018500
07019090
07019195
07024500
07036100
07037300
07039500
07040450
07048480
07048490
07048550
07049000
07050500
07050700
07053250
07057370
07058000
07060710
07062500
07064440
07064533
07065495
07067000
07075000
07096250
07099060
07103980
07141770
07143665
07149000
07151000
07155590
07156900
07158000
07166500
07170500
07170700
07171000
07172000
07176000
07180500
07185090
07185910
07186000
07187000
07231000
07239300
07249920
07249985
07263296
07285500
07287160
07298500
07301110
07314500
07315200
07324200
07325850
07326000
07326500
07328180
07329780
07332390
07343000
07351750
07352000
07359002
07363000
07366200
07367005
07369500
07375000
07375500
07376000
07385700
08010000
08012000
08017300
08017410
08018500
08019000
08019500
08031000
08036500
08040600
08044000
08047050
08050400
08050840
08052700
08053500
08061750
08064100
08065200
08066200
08068500
08078000
08083100
08086050
08086212
08100500
08134000
08144600
08148500
08158030
08158200
08158827
08158927
08162600
08166200
08166250
08174600
08177500
08279000
08329720
08329870
08332010
08376300
08382600
08387600
08396500
08406000
08408500
09035900
09041400
09126000
09132940
09174600
09177000
09183600
09197000
09217000
09217900
09223385
09230300
09240020
09349800
09355500
09359500
09367000
09423350
10093000
10143500
10153100
10156000
10174500
10215900
10243260
10249280
10310000
10321940
10336580
11047300
11048600
11058600
11070210
11077500
11173500
11203580
11336580
11447360
11465200
11481000
12076800
12080010
12210000
12210700
12350250
12352500
13162225
13236500
14113200
14201340
14205400
14216500
14219000
14219800
14243000
14319835
204382800
21536097
22929176
357479650
394220106431500
728875070
