802
1316
1335
1903
3506
3722
3819
6015
6016
6018
6501
7202
7206
7604
7805
7811
7830
7907
7911
7912
8208
8304
8516
8529
8604
9112
9140
9175
9179
9205
9213
9224
9301
9701
11310
11807
12301
12509
13312
13805
14302
14410
14606
14628
15511
15514
15901
16002
16502
18309
18901
18902
18913
19609
19701
19706
19708
19712
19714
19716
19734
19766
19779
20101
21401
21409
21420
21437
21493
21801
21867
22715
22802
22809
23019
23103
23104
23106
23169
23201
23207
23218
23220
23235
23302
24325
25902
27303
29201
29202
29222
29224
29231
29244
29246
29250
29251
29254
29503
29605
29606
29808
29809
29818
29830
29841
29843
29844
29845
30516
30701
30802
31101
31401
31504
31720
31807
31907
32503
32504
32526
32529
32576
32702
32733
32763
32767
33101
33107
33111
33117
33301
33302
33313
33316
33320
33347
33502
34202
34305
34309
35004
35005
35303
35506
36001
37503
39201
39237
39402
39403
39501
39503
39508
39510
39595
39597
40703
40810
41301
42601
43431
43433
43468
43472
43481
43602
43807
43829
45311
45326
45415
45703
45705
46611
46618
46625
46626
46627
46641
46646
46651
47804
52003
52901
52903
52904
52916
56901
56904
57008
57009
57024
57025
57036
57520
57521
57522
58301
58902
58903
59201
60104
60109
60110
60114
60123
60129
60203
62103
62105
63501
64602
64604
64606
64608
64609
64610
65101
65104
65108
65109
65901
65904
66204
66210
66213
66405
66417
66425
66602
66609
66612
67001
67408
67702
67805
68001
68002
68526
68801
68806
68810
69302
69505
69602
69607
69614
69618
69621
69635
69644
69645
70105
70902
71103
71106
71116
71122
71125
71129
71130
71135
71136
71178
71189
71703
72603
73501
73507
74310
74311
74318
74321
74331
74338
74357
74368
74811
75219
75232
75253
75259
75261
75265
75271
75276
75294
77504
77505
77506
77519
77520
77525
77527
77528
77561
78502
78504
78608
78625
78634
78637
78901
78906
78912
79737
79740
83201
89301
90102
90612
91103
91401
91403
91407
93202
93203
93206
93208
94303
95102
1009213
1009235
1014641
1021404
1032501
1032518
1032555
1032560
1043407
1043419
1043427
1043428
1043459
1043461
1043466
1043468
1046651
1075214
1075251
1075271
1075272
1114651
1132508
1143409
1143427
1232566
1232581
1243414
1243461
1443499
1543413
1543497
1643457
1643462
1943481
2143401
3043407
3043448
3043449
3043451
3043490
3043491
