00000802
00001316
00001335
00001903
00003506
00003722
00003819
00006015
00006016
00006018
00006501
00007202
00007206
00007604
00007805
00007811
00007830
00007907
00007911
00007912
00008208
00008516
00008529
00008604
00009140
00009175
00009179
00009205
00009213
00009224
00009701
00011310
00011807
00012301
00012509
00013312
00013805
00014410
00014606
00014628
00015514
00015901
00016502
00018309
00018901
00018902
00018913
00019609
00019701
00019706
00019708
00019712
00019714
00019716
00019734
00019766
00020101
00021401
00021409
00021437
00021493
00021801
00021867
00022802
00023019
00023103
00023104
00023106
00023169
00023207
00023220
00023235
00023302
00024325
00025902
00027303
00029201
00029222
00029231
00029244
00029246
00029251
00029254
00029503
00029605
00029808
00029809
00029818
00029830
00029841
00029843
00029844
00030516
00030701
00031101
00031504
00031720
00031907
00032503
00032504
00032526
00032576
00032702
00032733
00032763
00032767
00033101
00033107
00033111
00033117
00033301
00033302
00033313
00033316
00033347
00033502
00034202
00034305
00034309
00035004
00035005
00035303
00036001
00039201
00039237
00039402
00039403
00039501
00039503
00039508
00039510
00039595
00039597
00040810
00041301
00042601
00043431
00043433
00043468
00043481
00043602
00043807
00043829
00045311
00045326
00045415
00045703
00045705
00046611
00046618
00046625
00046627
00046641
00046646
00046651
00047804
00052003
00052901
00052903
00052904
00056901
00056904
00057008
00057009
00057024
00057025
00057036
00057520
00057522
00058301
00058902
00058903
00060109
00060110
00060114
00060203
00062105
00063501
00064602
00064604
00064606
00064610
00065104
00065108
00065109
00065901
00065904
00066213
00066405
00066417
00066602
00066609
00066612
00067001
00067702
00067805
00068001
00068526
00068801
00068806
00068810
00069302
00069505
00069602
00069607
00069614
00069618
00069621
00069635
00069644
00070105
00070902
00071103
00071106
00071116
00071122
00071129
00071135
00071189
00071703
00072603
00073501
00073507
00074310
00074311
00074331
00074338
00074357
00074811
00075219
00075232
00075271
00077504
00077505
00077506
00077519
00077525
00077527
00077561
00078504
00078608
00078625
00078634
00078637
00078906
00078912
00079737
00079740
00083201
00089301
00090102
00090612
00091103
00091401
00091403
00091407
00093202
00093203
00093206
00093208
00095102
01009213
01009235
01021404
01032501
01032518
01032555
01032560
01043407
01043419
01043427
01043461
01043466
01043468
01046651
01075214
01075251
01075271
01075272
01114651
01132508
01143409
01143427
01232566
01232581
01243414
01243461
01443499
01543413
01543497
01643457
01643462
01943481
02143401
03043407
03043448
03043449
03043451
03043490
03043491
00008304
00009112
00009301
00014302
00016002
00022715
00022809
00023201
00029202
00029224
00029250
00029606
00029845
00030802
00031401
00031807
00032529
00033320
00040703
00043472
00046626
00057521
00059201
00060104
00060123
00060129
00062103
00064608
00064609
00065101
00066204
00067408
00068002
00071125
00071130
00071136
00077528
00078901
00094303
01043428
01043459
