00002004
00002007
00002009
00002011
00002014
00002016
00002017
00002018
00002019
00002020
00002021
00002022
00002023
00002025
00002026
00002027
00002028
00002029
00002030
00002031
00002033
00002034
00002044
00002053
00002056
00002066
00002067
00002070
00002072
00002073
00002074
00002079
00002081
00002084
00002085
00002086
00002087
00002088
00002093
00002097
00002099
00002101
00002102
00002104
00002105
00002106
00002109
00002110
00002112
00002113
00002116
00002117
00002118
00002119
00002122
00002125
00002126
00002130
00002132
00002137
00002141
00002143
00002150
00002151
00002152
00002155
00002157
00002159
00002161
00002167
00002168
00002170
00002176
00002181
00002185
00002187
00002200
00002202
00002203
00002205
00002207
00002208
00002209
00002210
00002215
00002219
00002239
00002243
00002247
00002252
00002256
00002263
00002265
00002268
00002269
00002276
00002282
00002283
00002288
00002289
00002290
00002300
00002303
00002305
00002307
00002308
00002312
00002319
00002321
00002327
00002342
00002343
00002347
00002349
00002351
00002352
00002355
00002356
00002364
00002366
00002368
00002369
00002370
00002371
00002374
00002378
00002386
00002387
00002392
00002403
00002412
00002414
00002415
00002417
00002418
00002419
00002420
00002426
00002430
00002432
00002434
00002436
00002437
00002446
00002447
00002450
00002457
00002458
00002461
00002462
00002463
00002467
00002468
00002469
00002471
00002473
00002474
00002477
00002478
00002480
00002481
00002486
00002487
00002488
00002493
00002497
00002498
00002500
00002602
00002603
00002606
00002608
00002609
00002610
00002612
00002613
00002617
00002620
00002623
00002629
00002630
00002631
00002634
00002640
00003002
00003003
00003004
00003005
00003006
00003007
00003008
00003009
00003010
00003011
00003012
00003014
00003015
00003016
00003017
00003018
00003019
00003020
00003022
00003024
00003026
00003027
00003028
00003029
00003030
00003031
00003032
00004001
00004002
00004004
00004005
00004006
00004007
00004008
00004009
00004010
00004011
00004012
00004014
00004015
00004016
00004017
00004018
00004021
00004022
00004023
00004025
00004026
00005001
00005002
00005003
00005004
00005005
00005006
00005007
00005008
00005009
00005010
00005012
00005013
00005015
00005016
00005017
00005018
00005019
00005020
00005021
00005022
00005025
00005026
00005027
00005028
00005029
00005030
00005031
00006001
00006002
00006003
00006004
00006005
00006006
00006007
00006008
00006009
00006010
00006011
00002024
00002032
00002041
00002043
00002063
00002068
00002078
00002082
00002091
00002135
00002139
00002154
00002160
00002174
00002179
00002199
00002206
00002217
00002232
00002244
00002251
00002262
00002270
00002299
00002304
00002309
00002346
00002372
00002409
00002410
00002416
00002433
00002475
00002484
00002485
00002490
00002491
00002494
00002604
00002605
00002607
00002615
00002635
00002642
00002644
00003001
00003013
00003021
00003023
00003025
00003033
00004003
00004013
00004019
00004020
00004024
00005011
00005014
00005023
00005024
00005032
