12410011
12430456
12430590
12430591
12430666
12431077
13210113
13210722
13210733
13230003
13230398
13230466
13230469
13230518
13230551
13230688
13230704
13230734
13231260
13231332
13231400
14100019
14100875
16100018
16100187
16100446
16100592
16100594
16100721
16100741
16100764
16101111
16106183
16200234
16200443
16200444
16200595
16200607
16200624
16200838
16200840
16201394
16300111
16300483
16510419
16510439
16510499
16510692
16510815
16510988
16511768
21100411
21100608
22130618
31100765
32160004
32160023
32160088
32210417
32210488
32210756
32211117
32211118
32211121
32211328
32220111
32220123
32220519
32230087
32230439
32230635
32240459
32240516
32240799
32240800
32261368
32261369
32261370
32261444
32262368
32400556
32440056
32460017
32460020
32460442
34200009
34200018
34200028
34200199
35200049
35320397
35320540
35320586
35320634
35320667
35320727
35320766
35321056
35321057
35321058
35321170
35321223
35321244
35321279
35321290
35321310
35321353
35321354
35321389
35321391
35321425
35321431
35321432
35321442
35321460
35321467
35321470
35321472
35321476
35321479
35321516
35321523
35321542
35324587
35330234
36110023
36110689
36120522
36120632
36130001
36130010
36130544
36230449
37130414
37130743
37150512
37210013
37210639
37220017
37220600
37230017
37240441
37240486
37260006
37310024
37340006
37410628
37430625
37430695
37450023
37450048
37450438
37450497
37450622
37450634
37450716
37450793
37470020
37470466
37470553
37470566
37470707
37510007
37540003
37540374
37540822
37610027
37610745
37610764
37640019
37710002
37710529
37731106
37731321
38140427
38160420
39100026
39200448
41200020
42320511
42320655
42320687
42320708
42320718
42320720
42320724
42321655
42330452
42600042
43340744
43340759
43340761
43600043
43600051
43603342
44110017
44500017
44600413
44601102
44601185
44605111
51200430
51320766
51330005
51350461
51350484
51350508
51350857
52410055
52630415
52630615
52630616
52630769
53411137
53500507
54110444
54110637
54130033
54400772
54400773
54600222
56210432
57220030
58100160
58200005
58410547
59100002
59231292
61200742
61200743
61200745
61300217
61300437
61300453
61300469
61300555
61300646
61300692
62210546
62230020
62230057
62230402
62230428
62230627
62230647
62230729
62231033
62231066
62231067
62231068
62231076
62231312
62231378
62231866
62232221
62250019
62250023
62520033
62520258
62530043
62530056
62620023
62620492
63300446
64200525
64210066
64210788
64211129
64219845
65100069
65120782
66500433
66500444
67220002
67221267
71220002
71220004
71220088
71220445
71220630
71240456
71260020
71270476
71270810
71271172
71280644
71288759
72200633
72201261
72300411
72300455
73200631
73300468
82100426
91200485
91300007
91500006
93100020
93300484
93500089
93500433
93600020
93600032
93600537
