00001001
00002001
00002002
00003003
00004001
00004003
00004005
00004006
00005003
00006007
00006008
00007001
00007002
00007005
00007006
00008004
00008005
00008006
00008009
00009002
00009003
00010002
00010003
00011001
00011004
00012001
00012005
00012006
00012007
00012008
00013001
00013004
00013007
00013008
00014002
00014005
00015007
00015010
00015011
00015012
00015013
00015014
00015016
00015021
00015023
00015024
00015025
00015030
00015039
00016001
00016003
00016004
00017001
00017003
00017004
00017005
00017015
00018001
00018003
00018008
00018011
00018014
00019006
00019010
00019017
00020002
00020007
00021003
00021008
00021011
00021012
00021013
00021016
00021017
00021018
00021022
00021024
00021026
00021027
00022001
00022006
00022009
00023004
00023006
00023008
00023016
00024001
00024004
00024005
00025012
00025020
00025021
00025029
00026003
00026005
00026008
00026009
00027002
00027003
00027006
00027009
00027021
00027025
00027029
00027032
00027034
00027035
00027038
00027041
00027042
00027043
00027047
00027049
00027051
00027062
00027064
00027071
00027073
00027077
00027079
00027080
00027084
00027090
00028001
00028003
00028009
00028012
00028015
00028018
00028022
00028023
00028024
00028031
00028033
00028039
00028040
00028043
00028044
00028046
00028048
00028050
00028052
00028056
00028060
00028067
00028072
00028074
00028081
00028082
00028085
00028116
00028117
00029002
00029009
00030004
00030005
00030011
00030012
00030014
00031006
00031021
00031023
00031025
00032003
00032004
00033006
00033007
00033012
00033013
00033018
00033020
00033024
00033026
00033029
00033031
00033032
00033033
00033034
00033035
00033053
00033058
00034002
00034004
00034005
00034006
00034007
00034010
00034012
00035008
00036006
00036009
00036010
00036011
00036012
00037005
00037009
00037010
00037011
00037018
00037019
00037020
00037031
00037033
00038001
00038004
00038007
00038012
00038014
00038026
00038029
00038030
00039002
00039005
00039006
00039007
00039010
00039011
00039012
00039014
00039015
00039016
00039019
00039022
00039023
00039025
00039027
00039028
00039029
00039034
00039035
00039042
00039049
00039052
00039054
00039056
00039061
00039065
00039072
00039078
00039081
00039087
00039088
00039095
00039099
00039101
00039105
00039108
00039114
00039125
00039127
00039142
00039143
00040004
00040010
00040011
00040012
00040013
00040017
00040020
00040021
00040022
00040033
00041001
00041004
00041009
00041011
00041013
00041016
00041020
00041022
00041023
00041025
00041027
00041028
00041029
00042001
00042003
00042006
00042008
00042010
00042011
00042016
00042024
00042026
00042027
00043005
00043006
00043007
00043008
00043009
00043017
00043018
00043021
00044002
00044006
00044009
00044011
00045004
00045005
00045009
00046003
00046005
00046008
00046014
00047001
00047004
00047008
00047011
00047018
00048004
00048005
00048011
00049001
00049002
00049004
00050001
00050002
00050007
00050008
00050011
00051001
00052004
00052005
00052007
00052010
00052015
00052016
00053005
00053006
00053007
00053018
00053022
00053023
00053028
00054003
00054004
00054007
00054008
00054011
00054012
00054016
00054017
00054019
00054022
00054024
00054025
00054028
00054029
00054032
00054036
00054038
00054048
00054049
00054052
00054060
00054063
00054080
00054095
00054096
00055002
00055007
00055008
00055013
00055016
00055018
00055021
00055032
00056001
00056002
00056007
00056012
00056013
00057004
00057006
00057007
00057008
00057009
00058001
00058002
00058006
00058008
00058009
00058010
00058012
00059001
00060005
00060012
00061001
00061002
00062001
00063001
00063004
00064002
00065005
00065006
00065007
00065008
00066001
00066004
00066006
00066011
00067001
00067005
00067006
00067010
00067018
00067025
00067033
00068003
00068004
00068005
00068020
00069002
00069012
00069015
00069017
00069027
00069030
00069032
00069043
00071001
00071004
00071006
00072002
00072004
00072005
00072007
00072009
00072014
00072015
00073009
00073010
00073011
00073015
00074005
00074006
00075003
00075004
00075017
00076003
00076005
00076007
00076008
00076011
00076014
00077002
00077003
00078003
00078004
00078006
00079003
00079004
00079005
00080001
00080003
00080004
00080005
00081002
00081003
00081004
00081006
00081007
00082001
00082003
00083003
00083006
00083007
00083009
00083010
00083013
00084001
00084004
00084008
00084012
00084014
00084016
00084017
00084018
00084020
00084022
00084026
00084030
00085001
00085002
00085003
00085004
00088001
00089002
00089005
00090003
00092001
00093001
00095001
00096001
00096002
00096004
00097002
00101002
00102001
00106001
00007003
00008011
00008013
00009004
00009005
00011003
00012002
00012009
00013005
00014001
00015006
00017018
00018002
00018010
00019001
00019020
00020003
00021006
00021009
00021015
00021023
00022007
00023001
00023007
00023011
00024003
00025001
00025003
00025006
00026006
00027001
00027007
00027023
00027026
00027030
00027065
00027087
00027089
00028008
00028026
00028055
00028066
00028080
00028091
00028093
00028115
00029003
00029005
00030001
00030015
00031002
00031010
00032006
00032008
00033014
00033019
00033021
00033022
00033023
00033028
00033039
00033054
00034003
00034008
00034011
00035003
00036003
00037001
00037003
00037008
00038003
00038017
00038018
00038021
00039001
00039004
00039008
00039017
00039020
00039021
00039036
00039037
00039069
00039120
00039141
00039144
00040003
00040005
00040006
00040007
00040009
00040016
00040018
00041003
00041005
00041006
00041012
00041014
00041019
00042004
00042017
00043014
00044001
00045001
00045003
00045012
00047005
00047009
00047014
00048003
00050006
00052006
00052009
00052011
00053008
00053009
00053013
00053017
00054001
00054002
00054005
00054015
00054018
00054020
00054027
00054034
00054044
00054057
00055014
00055023
00055025
00055026
00055029
00057005
00060002
00060003
00060006
00060010
00064001
00064006
00065001
00065004
00067008
00067015
00068001
00069007
00069023
00070002
00071008
00071014
00073005
00073014
00074001
00074007
00077004
00079002
00079006
00080002
00080006
00083004
00084005
00084009
00084013
00084019
00089003
00089007
00094001
00101005
00107001
