01001620
01001625
01001630
01001655
01001660
01001670
01002605
01002610
01002615
01002635
01002640
01002650
01002675
01002687
01002698
01005640
01005695
01005697
01006650
01006660
01006672
01006680
01007615
01007617
01007625
01007640
01007645
01007655
01007680
01007685
01012630
01013645
01013655
01014620
01014640
01014650
01014680
01015644
01015645
01016660
01018610
01018620
01018625
01018630
01018635
01018640
01018650
01018655
01018662
01018665
01018670
01018675
01018683
01018690
01018693
01018695
01018697
01019630
01021680
01022630
01022650
01022680
01023660
02001630
02002685
02002692
02003640
02003670
02003690
02004635
02004640
02004650
02004655
02004675
02004695
02005660
02005680
02006630
02006665
02007620
02007640
02008630
02008635
02008645
02008650
02008690
02009670
02010690
02011640
02011660
02012640
02012645
02012650
02012652
02012653
02012660
02012670
02012695
02012696
02013615
02013650
02013685
02013690
02014620
02014640
02014660
02014680
02014690
02015635
02016680
02017620
02017685
02018620
02018630
02018635
02018645
02018655
02018665
02018674
02018680
02018685
02019610
02019615
02019635
02019655
02019695
02020603
02020615
02020675
02021640
02021665
02021675
02021677
02021685
02022610
02022640
02022655
02022660
02022670
02022680
01002685
01006665
01006690
01007605
01007635
01007650
01014630
01016650
01022648
01022655
02003610
02004605
02004668
02004680
02006625
02007660
02009620
02010650
02011650
02012628
02012648
02012665
02016650
02020650
02021690
