1080
1103
1105
1106
1109
1163
1164
1175
1186
1196
1207
1215
1237
1264
1265
1268
1274
1276
1295
1302
1303
1335
1343
1353
1358
1359
1363
1365
1369
1378
1395
1404
1414
1425
1427
1431
1433
1438
1443
1446
1464
1485
1519
1542
1544
1552
1564
1574
1607
1608
1609
1617
1619
1626
1645
1647
1724
1727
1734
1747
1748
1749
1754
1765
1805
1937
1942
2000
2001
2002
2005
2010
2011
2012
2016
2019
2020
2021
2024
2025
2028
2030
2032
2037
2038
2040
2041
2044
2046
2047
2049
2050
2052
2053
2057
2061
2067
2068
2070
2073
2075
2076
2078
2080
2081
2082
2083
2085
2089
2090
2091
2092
2098
2101
2102
2103
2104
2106
2108
2109
2110
2111
2112
2116
2120
2122
2124
2125
2126
2129
2133
2134
2143
2144
2149
2161
2162
2818
3001
3003
3030
3041
3045
3050
3054
3060
3065
3066
3067
3069
3070
3080
3100
3102
3111
3112
3114
3127
3142
3144
3146
3147
3148
3153
3154
3155
3158
3159
3161
3162
3163
3164
3168
3169
3172
3173
3176
3177
3180
3182
3186
3187
3194
3195
3198
3200
3201
3211
3212
3213
3217
3218
3220
3221
3222
3230
3231
3232
3233
3234
3235
3237
3238
3242
3243
3244
3246
3250
3251
3253
3254
3255
3256
3261
3265
3268
3271
3273
3276
3278
3279
3281
4004
4101
4102
4108
4161
4164
4165
4172
4173
4174
4176
4201
4204
4207
4209
4210
4212
4218
4252
4257
5001
5002
5014
5020
5024
5025
5027
5029
5031
5038
5041
5042
5050
5053
5056
5057
5076
5077
5078
5081
5082
5083
5084
5090
5095
5097
5104
5107
5123
5125
5127
5128
5132
5135
5136
5138
5140
5142
5144
5145
5146
5150
5151
6011
6028
6047
6058
6060
6067
6091
6093
7001
7003
7004
7007
7019
7043
7050
7055
7102
8027
8028
8029
8030
8032
8057
8060
8071
8074
8078
8081
8083
8087
8090
8091
8092
8093
8096
8104
8118
8126
8128
8134
8137
8138
8139
8140
8145
9003
9007
9013
9014
9018
9019
9020
9021
9022
9023
9026
9030
9031
9032
9033
9034
9035
9036
9038
9040
9041
9042
9043
9044
9047
9048
9049
9050
9056
9057
9058
9059
9061
9062
9063
9064
9065
9066
9067
9068
9069
9070
9071
9073
9074
9075
9076
9079
9084
9090
9091
9093
9094
9095
9097
9100
9105
9106
9115
9118
9122
9123
9124
9125
9127
9128
9130
9131
9137
9138
9139
9142
9143
9144
9145
9146
9147
9153
9155
9158
9159
9165
9166
9168
9170
9171
9174
9175
9176
9177
9181
9182
9183
9184
9185
9186
9187
9188
9189
9190
9191
9192
9196
9197
9201
9203
9215
9216
9229
9230
9231
9250
9251
9252
9253
9254
9255
9256
9258
9261
9264
9265
9268
9270
9271
9321
9322
9324
9327
9329
10004
10007
10012
10013
10015
10016
10028
10031
10033
10037
10045
10046
10052
10053
10068
10072
10077
10079
10082
10085
10088
10089
10123
10125
